tempo 800
note 6896 7280 52 60 64
note 6896 7280 52 65 64
note 7280 7336 52 60 64
note 7296 7776 52 65 64
note 7680 8248 52 69 64
note 8256 8448 52 65 64
note 8448 8832 52 60 64
note 8448 8832 52 67 64
note 8248 9200 52 69 64
note 8816 9200 52 65 64
note 8832 9216 52 60 64
note 9216 9984 52 62 64
note 10376 10512 52 62 64
note 10376 10584 52 67 64
note 10568 10704 52 60 64
note 10560 10752 52 65 64
note 10760 11176 52 58 64
note 9200 11328 52 69 64
note 10752 11328 52 67 64
note 11336 11472 52 60 64
note 11528 11808 52 62 64
note 11520 11904 52 67 64
note 11328 11912 52 69 64
note 11896 12136 52 60 64
note 12280 12640 52 62 64
note 12280 12784 52 70 64
note 13432 13624 52 62 64
note 13624 13816 52 60 64
note 13624 13816 52 65 64
note 13816 14296 52 67 64
note 13816 14392 52 58 64
note 11912 14416 52 69 64
note 14392 14584 52 60 64
note 14584 14968 52 62 64
note 14584 14968 52 67 64
note 14968 15352 52 60 64
note 14992 15456 52 65 64
note 15352 15544 52 58 64
note 15376 15584 52 62 64
note 15560 16216 52 60 64
note 15544 16312 52 57 64
note 16304 16496 52 60 64
note 16312 16504 52 65 64
note 16504 16696 52 62 64
note 16504 16696 52 65 64
note 16696 16888 52 65 64
note 16696 17848 52 62 64
note 16888 17848 52 67 64
note 16888 17848 52 72 64
note 19008 19200 52 60 64
note 19008 19200 52 65 64
note 19200 19584 52 60 64
note 19200 19584 52 65 64
note 14416 19960 52 69 64
note 19584 19968 52 60 64
note 19584 19968 52 65 64
note 19960 20544 52 69 64
note 19992 20544 52 65 64
note 19992 20568 52 60 64
note 20736 20864 52 60 64
note 20544 21120 52 65 64
note 20736 21120 52 67 64
note 21120 21248 52 60 64
note 20544 21504 52 69 64
note 21504 21888 52 62 64
note 21120 22456 52 65 64
note 22456 22840 52 65 64
note 22648 22840 52 62 64
note 22648 22840 52 67 64
note 22840 23032 52 60 64
note 23032 23608 52 58 64
note 23032 23608 52 67 64
note 22456 23608 52 69 64
note 23624 23816 52 60 64
note 23608 24200 52 69 64
note 23816 24200 52 62 64
note 23816 24200 52 67 64
note 24200 24584 52 60 64
note 24584 25160 52 62 64
note 24584 25160 52 70 64
note 22840 25912 52 65 64
note 25720 25936 52 62 64
note 25912 26072 52 60 64
note 26104 26584 52 58 64
note 26104 26584 52 67 64
note 24200 26688 52 69 64
note 26688 26784 52 60 64
note 26880 27072 52 62 64
note 25912 27264 52 65 64
note 26872 27280 52 67 64
note 27264 27456 52 62 64
note 27640 27832 52 58 64
note 27648 27880 52 62 64
note 27840 28480 52 60 64
note 27832 28600 52 57 64
note 28592 28784 52 60 64
note 28600 28792 52 57 64
note 28784 28928 52 58 64
note 28784 28928 52 62 64
note 27264 28976 52 65 64
note 28976 29120 52 60 64
note 28976 29176 52 65 64
note 29168 30320 52 60 64
note 29176 31472 52 65 64
note 26688 31472 52 69 64
note 31472 31856 52 69 64
note 31472 31872 52 65 64
note 31872 32256 52 65 64
note 32256 33024 52 72 64
note 31856 33392 52 69 64
note 33008 33392 52 67 64
note 33008 33392 52 70 64
note 33392 33776 52 65 64
note 33776 34544 52 72 64
note 33776 35120 52 65 64
note 34928 35120 52 74 64
note 34936 35152 52 67 64
note 35120 35312 52 72 64
note 35312 35888 52 67 64
note 33392 35888 52 69 64
note 35312 35888 52 70 64
note 35896 35936 52 72 64
note 36088 36168 52 70 64
note 35888 36472 52 69 64
note 36088 36472 52 67 64
note 36472 36856 52 60 64
note 36856 37432 52 58 64
note 36856 37432 52 67 64
note 35120 38200 52 65 64
note 38000 38232 52 62 64
note 38200 38392 52 60 64
note 38392 38968 52 58 64
note 36472 38984 52 69 64
note 38400 39008 52 67 64
note 38968 39160 52 60 64
note 38200 39536 52 65 64
note 39160 39544 52 58 64
note 39168 39552 52 67 64
note 39544 39928 52 60 64
note 39928 40120 52 58 64
note 39944 40176 52 62 64
note 40120 40696 52 57 64
note 40136 40736 52 60 64
note 39536 41080 52 65 64
note 40888 41080 52 57 64
note 40872 41112 52 60 64
note 41080 41264 52 65 64
note 41064 41304 52 62 64
note 41272 41464 52 67 64
note 41464 43000 52 62 64
note 41464 43000 52 72 64
note 41464 43008 52 67 64
note 38984 43576 52 69 64
note 43576 43768 52 60 64
note 43576 43768 52 69 64
note 43768 44152 52 60 64
note 43768 44152 52 69 64
note 44152 44536 52 60 64
note 41264 44544 52 65 64
note 44152 44552 52 69 64
note 44536 45112 52 72 64
note 44552 45120 52 69 64
note 45112 45304 52 72 64
note 45120 45688 52 69 64
note 45304 45688 52 70 64
note 45320 45712 52 67 64
note 45688 46088 52 69 64
note 46072 46840 52 72 64
note 46088 47032 52 69 64
note 45688 47400 52 65 64
note 47032 47416 52 69 64
note 47224 47432 52 67 64
note 47416 48184 52 69 64
note 47608 48184 52 70 64
note 47608 48200 52 67 64
note 48184 48376 52 72 64
note 48376 48760 52 70 64
note 47400 48768 52 65 64
note 48392 48800 52 67 64
note 48760 49144 52 72 64
note 49144 49912 52 74 64
note 49128 50224 52 62 64
note 48768 50488 52 65 64
note 50304 50520 52 62 64
note 50488 50680 52 60 64
note 48184 51240 52 69 64
note 50680 51256 52 58 64
note 50680 51264 52 67 64
note 51256 51448 52 60 64
note 50488 51832 52 65 64
note 51240 51832 52 69 64
note 51448 51832 52 62 64
note 51464 51848 52 67 64
note 52208 52440 52 62 64
note 52400 53032 52 60 64
note 53168 53424 52 60 64
note 51832 53552 52 65 64
note 53368 53584 52 62 64
note 53552 53768 52 65 64
note 53752 55288 52 60 64
note 53768 56064 52 65 64
note 56064 56448 52 65 64
note 51832 56824 52 69 64
note 56448 57968 52 65 64
note 57584 58000 52 67 64
note 56824 58384 52 69 64
note 57968 59696 52 65 64
note 59512 59720 52 67 64
note 58384 60464 52 69 64
note 59904 60496 52 67 64
note 59696 61048 52 65 64
note 60672 61088 52 67 64
note 61432 62448 52 62 64
note 61048 62768 52 65 64
note 62576 62816 52 62 64
note 60464 63536 52 69 64
note 62976 63576 52 67 64
note 62768 64112 52 65 64
note 63744 64128 52 67 64
note 64504 64720 52 62 64
note 64688 65360 52 60 64
note 65464 65704 52 60 64
note 64112 65840 52 65 64
note 65656 65872 52 62 64
note 63536 68152 52 69 64
note 65840 68160 52 65 64
note 68152 68344 52 69 64
note 66048 68352 52 67 64
note 68160 68352 52 65 64
note 68344 68728 52 69 64
note 68352 68736 52 65 64
note 68728 69104 52 69 64
note 69112 69688 52 72 64
note 69104 69696 52 69 64
note 69688 69880 52 72 64
note 68736 70256 52 65 64
note 69696 70264 52 69 64
note 69880 70264 52 70 64
note 69880 70280 52 67 64
note 70264 70656 52 69 64
note 70648 71416 52 72 64
note 71608 71800 52 72 64
note 70256 71984 52 65 64
note 71600 71992 52 69 64
note 71800 71992 52 70 64
note 71800 72016 52 67 64
note 71992 72760 52 69 64
note 72184 72760 52 70 64
note 72184 72792 52 67 64
note 72760 72952 52 72 64
note 72952 73336 52 70 64
note 71984 73344 52 65 64
note 72960 73376 52 67 64
note 73336 73720 52 72 64
note 73720 74488 52 74 64
note 73704 74760 52 62 64
note 73344 75064 52 65 64
note 74864 75104 52 62 64
note 75064 75256 52 60 64
note 75256 75832 52 58 64
note 72760 75832 52 69 64
note 75264 75856 52 67 64
note 75832 76024 52 60 64
note 76024 76408 52 62 64
note 75064 76424 52 65 64
note 76024 76456 52 67 64
note 76408 76792 52 62 64
note 76792 76984 52 58 64
note 76808 77032 52 62 64
note 76984 77752 52 57 64
note 77008 77968 52 60 64
note 76424 78136 52 65 64
note 77944 78136 52 58 64
note 77952 78160 52 62 64
note 78136 78328 52 60 64
note 78136 78328 52 65 64
note 78328 79864 52 60 64
note 78328 80440 52 65 64
note 80440 80632 52 60 64
note 80440 80632 52 65 64
note 80632 81016 52 60 64
note 80632 81032 52 65 64
note 75832 81392 52 69 64
note 81016 81400 52 60 64
note 81400 81784 52 60 64
note 81392 81968 52 69 64
note 81976 82168 52 60 64
note 81032 82536 52 65 64
note 82168 82552 52 60 64
note 82168 82560 52 67 64
note 82552 82936 52 60 64
note 81968 82944 52 69 64
note 82936 83512 52 62 64
note 82536 83896 52 65 64
note 83896 84264 52 65 64
note 84080 84280 52 67 64
note 84088 84280 52 62 64
note 84280 84472 52 60 64
note 84472 85048 52 58 64
note 83896 85048 52 69 64
note 84464 85072 52 67 64
note 85048 85240 52 60 64
note 85048 85624 52 69 64
note 85240 85624 52 62 64
note 84264 85632 52 65 64
note 85240 85656 52 67 64
note 86008 86584 52 70 64
note 86000 86992 52 62 64
note 85632 87344 52 65 64
note 87136 87376 52 62 64
note 87352 87544 52 60 64
note 85624 88096 52 69 64
note 87544 88120 52 58 64
note 87344 88120 52 65 64
note 87552 88120 52 67 64
note 88120 88688 52 65 64
note 88312 88696 52 62 64
note 88296 88704 52 67 64
note 88696 89080 52 60 64
note 89080 89272 52 58 64
note 89072 89288 52 62 64
note 89272 89592 52 60 64
note 89648 89872 52 60 64
note 89272 90040 52 57 64
note 88688 90224 52 65 64
note 89840 90224 52 62 64
note 90232 90616 52 60 64
note 90224 90624 52 65 64
note 90616 92152 52 60 64
note 88096 92152 52 69 65
note 672 736 73 72 64
note 720 784 73 73 64
note 768 1152 73 74 64
note 1152 1536 73 77 64
note 1512 1536 73 79 64
note 1536 2112 73 79 64
note 2120 2296 73 81 64
note 2312 2696 73 79 64
note 2688 3072 73 77 64
note 3088 3272 73 74 64
note 3264 3608 73 72 64
note 3648 3848 73 72 64
note 3832 4216 73 74 64
note 4224 4608 73 77 64
note 4608 6144 73 77 64
note 768 1056 33 46 64
note 1152 1440 33 45 64
note 1536 2112 33 43 64
note 2112 2208 33 38 64
note 2304 2976 33 43 64
note 3072 3744 33 45 64
note 3840 4512 33 46 64
note 4608 5184 33 41 64
note 5184 5280 33 36 64
note 5376 5592 33 53 64
note 5376 5592 33 58 64
note 5632 5848 33 57 64
note 5888 6104 33 55 64
note 6144 7392 33 41 64
note 6144 7416 33 53 64
note 7488 7584 33 36 64
note 7680 8736 33 41 64
note 8832 9120 33 40 64
note 9216 9600 33 38 64
note 9792 9888 33 33 64
note 9984 10368 33 38 64
note 10368 10560 33 38 64
note 10752 11712 33 43 64
note 11904 12192 33 45 64
note 12288 12960 33 46 64
note 13056 13344 33 46 64
note 13440 13728 33 45 64
note 13824 14880 33 43 64
note 14976 15264 33 43 64
note 15360 16128 33 45 64
note 16128 16800 33 46 64
note 16896 17664 33 48 64
note 17664 18432 33 43 64
note 18432 19488 33 36 64
note 19584 19776 33 36 64
note 19968 21024 33 41 64
note 21120 21408 33 40 64
note 21504 22080 33 38 64
note 22080 22176 33 33 64
note 22272 22464 33 38 64
note 22656 22848 33 38 64
note 23040 23616 33 43 64
note 23616 23712 33 38 64
note 23808 24576 33 43 64
note 24576 25152 33 46 64
note 25344 25728 33 46 64
note 25728 26016 33 45 64
note 26112 27168 33 43 64
note 27264 27552 33 43 64
note 27648 28320 33 45 64
note 28416 29088 33 46 64
note 29184 29760 33 41 64
note 29760 29856 33 36 64
note 29952 30208 33 46 64
note 29952 30208 33 58 64
note 30208 30464 33 45 64
note 30208 30464 33 57 64
note 29952 30624 33 41 64
note 30464 30720 33 43 64
note 30464 30720 33 55 64
note 30720 31968 33 41 64
note 30720 32256 33 53 64
note 32256 33312 33 41 64
note 33408 33696 33 40 64
note 33792 34176 33 38 64
note 34368 34464 33 33 64
note 34560 34944 33 38 64
note 34944 35136 33 38 64
note 35328 36288 33 43 64
note 36480 36768 33 45 64
note 36864 37536 33 46 64
note 37632 37920 33 46 64
note 38016 38304 33 45 64
note 38400 39456 33 43 64
note 39552 39840 33 43 64
note 39936 40704 33 45 64
note 40704 41376 33 46 64
note 42112 42176 33 53 64
note 41472 42240 33 48 64
note 42176 42240 33 55 64
note 42240 42496 33 60 64
note 42496 42752 33 58 64
note 42752 43008 33 55 64
note 43008 44160 33 48 64
note 44160 44352 33 36 64
note 44544 45600 33 41 64
note 45696 45984 33 40 64
note 46080 46656 33 38 64
note 46656 46752 33 33 64
note 46848 47040 33 38 64
note 47232 47424 33 38 64
note 47616 48192 33 43 64
note 48192 48288 33 38 64
note 48384 49152 33 43 64
note 49152 49728 33 46 64
note 49920 50304 33 46 64
note 50304 50592 33 45 64
note 50688 51744 33 43 64
note 51840 52128 33 43 64
note 52224 52896 33 45 64
note 52992 53664 33 46 64
note 53760 54336 33 41 64
note 54336 54432 33 36 64
note 54528 54752 33 50 64
note 54784 55008 33 48 64
note 55040 55264 33 46 64
note 55296 56544 33 41 64
note 55296 56632 33 48 64
note 56832 57888 33 41 64
note 57984 58272 33 40 64
note 58368 58752 33 38 64
note 58944 59040 33 33 64
note 59136 59520 33 38 64
note 59520 59712 33 38 64
note 59904 60864 33 43 64
note 61056 61344 33 45 64
note 61440 62112 33 46 64
note 62208 62496 33 46 64
note 62592 62880 33 45 64
note 62976 64032 33 43 64
note 64128 64416 33 43 64
note 64512 65280 33 45 64
note 65280 65952 33 46 64
note 66048 66816 33 48 64
note 66720 66816 33 55 64
note 66816 67200 33 60 64
note 67072 67328 33 58 64
note 67328 67584 33 55 64
note 67584 68632 33 60 64
note 68736 68928 33 36 64
note 69120 70176 33 41 64
note 70272 70560 33 40 64
note 70656 71232 33 38 64
note 71232 71328 33 33 64
note 71424 71616 33 38 64
note 71808 72000 33 38 64
note 72192 72768 33 43 64
note 72768 72864 33 38 64
note 72960 73728 33 43 64
note 73728 74304 33 46 64
note 74496 74880 33 46 64
note 74880 75168 33 45 64
note 75264 76320 33 43 64
note 76416 76704 33 43 64
note 76800 77472 33 45 64
note 77568 78240 33 46 64
note 78336 78912 33 41 64
note 79296 79488 33 60 64
note 79488 79680 33 65 64
note 79680 79872 33 60 64
note 79872 81408 33 53 64
note 81408 82464 33 41 64
note 82560 82848 33 40 64
note 82944 83328 33 38 64
note 83520 83616 33 33 64
note 83712 84096 33 38 64
note 84096 84288 33 38 64
note 84480 85440 33 43 64
note 85632 85920 33 45 64
note 86016 86688 33 46 64
note 86784 87072 33 46 64
note 87168 87456 33 45 64
note 87552 88608 33 43 64
note 88704 88992 33 43 64
note 89088 89856 33 45 64
note 89856 90528 33 46 64
note 91232 91288 33 58 64
note 90624 91320 33 41 64
note 91296 91352 33 60 64
note 91392 91624 33 62 64
note 91584 91952 33 60 64
note 91872 91952 33 53 64
note 91872 91952 33 58 64
note 92064 93560 33 48 64
note 92064 93560 33 53 64
note 92064 93560 33 60 64
note 92064 93696 33 41 64
note 672 736 88 60 64
note 720 784 88 61 64
note 768 1152 88 62 64
note 1152 1536 88 65 64
note 1512 1536 88 67 64
note 1536 2112 88 67 64
note 2120 2296 88 69 64
note 2312 2696 88 67 64
note 2688 3072 88 65 64
note 3088 3272 88 62 64
note 3264 3608 88 60 64
note 3648 3848 88 60 64
note 3832 4216 88 62 64
note 4224 4608 88 65 64
note 4608 6528 88 65 64
note 32432 32664 88 65 64
note 32608 32864 88 72 64
note 32808 33104 88 77 64
note 33976 34216 88 65 64
note 34160 34408 88 72 64
note 34360 34608 88 77 64
note 35504 35744 88 67 64
note 35680 35944 88 74 64
note 35872 36096 88 79 64
note 37040 37232 88 70 64
note 37248 37440 88 77 64
note 37440 37632 88 82 64
note 38576 38888 88 67 64
note 38760 39016 88 74 64
note 38944 39160 88 79 64
note 40104 40368 88 69 64
note 40288 40552 88 76 64
note 40496 40640 88 81 64
note 40888 41072 88 70 64
note 41064 41312 88 77 64
note 41264 41360 88 82 64
note 41664 41856 88 72 64
note 41856 42048 88 79 64
note 42064 42224 88 84 64
note 44712 45032 88 65 64
note 44904 45152 88 72 64
note 45104 45304 88 77 64
note 46256 46632 88 65 64
note 46456 46696 88 72 64
note 46632 46920 88 77 64
note 47976 48248 88 74 64
note 48176 48360 88 79 64
note 47784 48440 88 67 64
note 49336 49592 88 70 64
note 49544 49792 88 77 64
note 49720 49912 88 82 64
note 50856 51232 88 67 64
note 51056 51304 88 74 64
note 51232 51424 88 79 64
note 52392 52760 88 69 64
note 52584 52864 88 76 64
note 52784 52896 88 81 64
note 53160 53392 88 70 64
note 53360 53608 88 77 64
note 53552 53648 88 82 64
note 54120 54376 88 72 64
note 53920 54424 88 65 64
note 54328 54448 88 77 64
note 57008 57280 88 65 64
note 57200 57440 88 72 64
note 57392 57584 88 77 64
note 58552 58824 88 65 64
note 58736 58968 88 72 64
note 58920 59104 88 77 64
note 60080 60384 88 67 64
note 60272 60512 88 74 64
note 60448 60664 88 79 64
note 61616 61840 88 70 64
note 61816 62064 88 77 64
note 62000 62152 88 82 64
note 63152 63416 88 67 64
note 63336 63592 88 74 64
note 63536 63712 88 79 64
note 64680 64928 88 69 64
note 64880 65128 88 76 64
note 65064 65184 88 81 64
note 65448 65672 88 70 64
note 65656 65896 88 77 64
note 65840 65944 88 82 64
note 66224 66552 88 72 64
note 66408 66664 88 79 64
note 66608 66736 88 84 64
note 69304 69536 88 65 64
note 69480 69720 88 72 64
note 69680 69856 88 77 64
note 70840 71096 88 65 64
note 71024 71248 88 72 64
note 71216 71384 88 77 64
note 72376 72616 88 67 64
note 72560 72800 88 74 64
note 72744 72912 88 79 64
note 73888 74112 88 70 64
note 74088 74336 88 77 64
note 74272 74424 88 82 64
note 75440 75688 88 67 64
note 75632 75872 88 74 64
note 75816 75984 88 79 64
note 76968 77216 88 69 64
note 77152 77408 88 76 64
note 77352 77472 88 81 64
note 77736 77952 88 70 64
note 77928 78168 88 77 64
note 78120 78216 88 82 64
note 81576 81832 88 65 64
note 81760 81992 88 72 64
note 81952 82120 88 77 64
note 83120 83392 88 65 64
note 83312 83552 88 72 64
note 83504 83696 88 77 64
note 84648 84904 88 67 64
note 84840 85072 88 74 64
note 85024 85176 88 79 64
note 86184 86408 88 70 64
note 86376 86632 88 77 64
note 86568 86704 88 82 64
note 87744 87976 88 67 64
note 87928 88160 88 74 64
note 88096 88240 88 79 64
note 89272 89480 88 69 64
note 89448 89688 88 76 64
note 89640 89736 88 81 64
note 90032 90248 88 70 64
note 90224 90456 88 77 64
note 768 944 1 62 64
note 768 944 1 65 64
note 768 952 1 58 64
note 768 976 1 46 64
note 1152 1296 1 64 64
note 1152 1304 1 57 64
note 1152 1304 1 60 64
note 1152 1312 1 45 64
note 1536 2008 1 58 64
note 1536 2144 1 65 64
note 1536 2208 1 62 64
note 1536 2248 1 55 64
note 2112 2400 1 50 64
note 2304 2552 1 55 64
note 2304 2592 1 58 64
note 2496 2736 1 50 64
note 1536 2816 1 43 64
note 2688 2832 1 62 64
note 2880 3040 1 50 64
note 3072 3336 1 64 64
note 3072 3368 1 60 64
note 3072 3392 1 67 64
note 3072 3416 1 57 64
note 3456 3656 1 60 64
note 3072 3664 1 45 64
note 3648 3800 1 52 64
note 3840 4048 1 62 64
note 3840 4160 1 58 64
note 3840 4184 1 65 64
note 4224 4400 1 62 64
note 3840 4448 1 46 64
note 4416 4472 1 53 64
note 4608 4784 1 69 64
note 4608 4816 1 65 64
note 4608 4816 1 72 64
note 4800 4968 1 48 64
note 4992 5152 1 65 64
note 4608 5192 1 41 64
note 5184 5352 1 48 64
note 5376 5616 1 67 64
note 5376 5624 1 69 64
note 5376 5640 1 72 64
note 5760 5888 1 69 64
note 5376 5912 1 41 64
note 5952 6104 1 48 64
note 6144 6424 1 53 64
note 6336 6576 1 48 64
note 6528 6672 1 57 64
note 6144 6696 1 41 64
note 6720 6888 1 48 64
note 6912 7040 1 55 64
note 6912 7056 1 57 64
note 6912 7184 1 60 64
note 7296 7384 1 57 64
note 6912 7472 1 41 64
note 7488 7624 1 48 64
note 7680 7936 1 65 64
note 7680 7960 1 69 64
note 7680 8000 1 72 64
note 8064 8224 1 72 64
note 7680 8272 1 41 64
note 8064 8320 1 69 64
note 8256 8464 1 48 64
note 8448 8664 1 65 64
note 8448 8664 1 69 64
note 8640 8976 1 41 64
note 8832 8984 1 69 64
note 8832 8992 1 72 64
note 8832 9008 1 65 64
note 9024 9120 1 48 64
note 9216 9384 1 62 64
note 9216 9408 1 65 64
note 9216 9408 1 69 64
note 9408 9552 1 45 64
note 9600 9744 1 65 64
note 9600 9800 1 64 64
note 9600 9832 1 69 64
note 9216 9968 1 38 64
note 9792 10000 1 45 64
note 9984 10176 1 65 64
note 9984 10240 1 62 64
note 10176 10376 1 45 64
note 10368 10512 1 65 64
note 10368 10536 1 69 64
note 10560 10720 1 45 64
note 10752 10904 1 58 64
note 10752 10992 1 55 64
note 10752 11064 1 62 64
note 10944 11168 1 50 64
note 11136 11384 1 58 64
note 10752 11520 1 43 64
note 11328 11568 1 50 64
note 11520 11688 1 58 64
note 11520 11728 1 62 64
note 11712 11816 1 43 64
note 11904 12088 1 43 64
note 11904 12144 1 62 64
note 12096 12192 1 45 64
note 12480 12744 1 53 64
note 12672 12840 1 62 64
note 12672 12920 1 58 64
note 12864 13144 1 53 64
note 12288 13152 1 46 64
note 13056 13208 1 62 64
note 13056 13280 1 58 64
note 13056 13312 1 65 64
note 13248 13368 1 46 64
note 13440 13544 1 65 64
note 13440 13584 1 62 64
note 13632 13776 1 45 64
note 13824 14032 1 58 64
note 13824 14072 1 55 64
note 13824 14136 1 62 64
note 14208 14392 1 58 64
note 14400 14592 1 50 64
note 14592 14752 1 65 64
note 14592 14768 1 58 64
note 14784 15008 1 50 64
note 13824 15048 1 43 64
note 14976 15152 1 58 64
note 15168 15344 1 50 64
note 15360 15568 1 60 64
note 15360 15608 1 57 64
note 15360 15640 1 67 64
note 15552 15688 1 64 64
note 15360 16024 1 45 64
note 15744 16088 1 60 64
note 15936 16088 1 52 64
note 16320 16568 1 53 64
note 16512 16640 1 62 64
note 16512 16680 1 65 64
note 16128 16720 1 46 64
note 16704 16856 1 53 64
note 16896 17440 1 64 64
note 16896 17440 1 67 64
note 16896 17496 1 60 64
note 16896 17520 1 48 64
note 17472 17640 1 55 64
note 17664 18256 1 65 64
note 17664 18264 1 48 64
note 17664 18312 1 60 64
note 17664 18352 1 67 64
note 18240 18440 1 55 64
note 18432 19000 1 60 64
note 18432 19024 1 67 64
note 18432 19040 1 64 64
note 19008 19232 1 55 64
note 19200 19640 1 58 64
note 19200 19736 1 64 64
note 19200 19768 1 67 64
note 18432 19784 1 48 64
note 19776 19816 1 55 64
note 19968 20200 1 65 64
note 19968 20264 1 69 64
note 19968 20296 1 72 64
note 20352 20512 1 72 64
note 19968 20544 1 41 64
note 20544 20712 1 48 64
note 20736 20920 1 67 64
note 20736 20928 1 69 64
note 20736 21016 1 72 64
note 20736 21104 1 41 64
note 21120 21280 1 72 64
note 21120 21288 1 69 64
note 21312 21384 1 65 64
note 21312 21448 1 40 64
note 21504 21704 1 62 64
note 21504 21744 1 65 64
note 21504 21776 1 69 64
note 21888 22120 1 64 64
note 21888 22136 1 69 64
note 21888 22144 1 65 64
note 21504 22176 1 38 64
note 22080 22424 1 45 64
note 22272 22480 1 65 64
note 22272 22480 1 69 64
note 22272 22496 1 62 64
note 22464 22808 1 38 64
note 22656 22880 1 69 64
note 22656 22888 1 65 64
note 22656 22920 1 62 64
note 22848 23032 1 45 64
note 23232 23464 1 50 64
note 23424 23672 1 58 64
note 23424 23680 1 62 64
note 23616 23888 1 50 64
note 23808 24056 1 55 64
note 23040 24216 1 43 64
note 24000 24264 1 50 64
note 24192 24448 1 58 64
note 24384 24480 1 45 64
note 24192 24576 1 62 64
note 24960 25248 1 58 64
note 24576 25280 1 46 64
note 25152 25296 1 62 64
note 24768 25328 1 53 64
note 25344 25616 1 58 64
note 25344 25664 1 62 64
note 25344 25672 1 65 64
note 25344 25816 1 46 64
note 25728 25832 1 53 64
note 25728 25928 1 58 64
note 25920 26072 1 45 64
note 26112 26296 1 58 64
note 26112 26416 1 55 64
note 26112 26432 1 62 64
note 26112 26696 1 43 64
note 26496 26704 1 58 64
note 26688 26864 1 50 64
note 26880 26928 1 57 64
note 27072 27280 1 50 64
note 26880 27352 1 43 64
note 27264 27352 1 55 64
note 27264 27360 1 58 64
note 27264 27368 1 62 64
note 27456 27616 1 50 64
note 27648 27792 1 60 64
note 27648 27928 1 57 64
note 27648 27944 1 64 64
note 28032 28168 1 60 64
note 27648 28192 1 45 64
note 28224 28400 1 52 64
note 28416 28928 1 58 64
note 28416 28944 1 65 64
note 28416 28960 1 62 64
note 28416 28984 1 46 64
note 28992 29080 1 53 64
note 29184 29408 1 69 64
note 29184 29432 1 65 64
note 29184 29464 1 72 64
note 29568 29792 1 69 64
note 29568 29912 1 72 64
note 29760 29936 1 48 64
note 29952 30144 1 65 64
note 29952 30240 1 72 64
note 30144 30296 1 48 64
note 29184 30544 1 41 64
note 30528 30720 1 48 64
note 30720 30944 1 69 64
note 30720 30968 1 65 64
note 30720 31000 1 72 64
note 31104 31328 1 69 64
note 31104 31448 1 72 64
note 31296 31472 1 48 64
note 31488 31680 1 65 64
note 31488 31776 1 72 64
note 31680 31832 1 48 64
note 30720 32080 1 41 64
note 32064 32256 1 48 64
note 32256 32512 1 65 64
note 32256 32536 1 69 64
note 32256 32576 1 72 64
note 32640 32800 1 72 64
note 32256 32848 1 41 64
note 32640 32896 1 69 64
note 32832 33040 1 48 64
note 33024 33240 1 65 64
note 33024 33240 1 69 64
note 33216 33552 1 41 64
note 33408 33560 1 69 64
note 33408 33568 1 72 64
note 33408 33584 1 65 64
note 33600 33696 1 48 64
note 33792 33960 1 62 64
note 33792 33984 1 65 64
note 33792 33984 1 69 64
note 33984 34128 1 45 64
note 34176 34320 1 65 64
note 34176 34376 1 64 64
note 34176 34408 1 69 64
note 33792 34544 1 38 64
note 34368 34576 1 45 64
note 34560 34752 1 65 64
note 34560 34816 1 62 64
note 34752 34952 1 45 64
note 34944 35088 1 65 64
note 34944 35112 1 69 64
note 35136 35296 1 45 64
note 35328 35480 1 58 64
note 35328 35568 1 55 64
note 35328 35640 1 62 64
note 35520 35744 1 50 64
note 35712 35960 1 58 64
note 35328 36096 1 43 64
note 35904 36144 1 50 64
note 36096 36264 1 58 64
note 36096 36304 1 62 64
note 36288 36392 1 43 64
note 36480 36664 1 43 64
note 36480 36720 1 62 64
note 36672 36768 1 45 64
note 37056 37320 1 53 64
note 37248 37416 1 62 64
note 37248 37496 1 58 64
note 37440 37720 1 53 64
note 36864 37728 1 46 64
note 37632 37784 1 62 64
note 37632 37856 1 58 64
note 37632 37888 1 65 64
note 37824 37944 1 46 64
note 38016 38120 1 65 64
note 38016 38160 1 62 64
note 38208 38352 1 45 64
note 38400 38608 1 58 64
note 38400 38648 1 55 64
note 38400 38712 1 62 64
note 38784 38968 1 58 64
note 38976 39168 1 50 64
note 39168 39328 1 65 64
note 39168 39344 1 58 64
note 39360 39584 1 50 64
note 38400 39624 1 43 64
note 39552 39728 1 58 64
note 39744 39920 1 50 64
note 39936 40144 1 60 64
note 39936 40184 1 57 64
note 39936 40216 1 67 64
note 40128 40264 1 64 64
note 39936 40600 1 45 64
note 40320 40664 1 60 64
note 40512 40664 1 52 64
note 40896 41144 1 53 64
note 41088 41216 1 62 64
note 41088 41256 1 65 64
note 40704 41296 1 46 64
note 41280 41432 1 53 64
note 41472 42016 1 64 64
note 41472 42016 1 67 64
note 41472 42072 1 60 64
note 41472 42096 1 48 64
note 42048 42216 1 55 64
note 42240 42832 1 65 64
note 42240 42840 1 48 64
note 42240 42888 1 60 64
note 42240 42928 1 67 64
note 42816 43016 1 55 64
note 43008 43576 1 60 64
note 43008 43600 1 67 64
note 43008 43616 1 64 64
note 43584 43808 1 55 64
note 43776 44216 1 58 64
note 43776 44312 1 64 64
note 43776 44344 1 67 64
note 43008 44360 1 48 64
note 44352 44392 1 55 64
note 44544 44776 1 65 64
note 44544 44840 1 69 64
note 44544 44872 1 72 64
note 44928 45088 1 72 64
note 44544 45120 1 41 64
note 45120 45288 1 48 64
note 45312 45496 1 67 64
note 45312 45504 1 69 64
note 45312 45592 1 72 64
note 45312 45680 1 41 64
note 45696 45856 1 72 64
note 45696 45864 1 69 64
note 45888 45960 1 65 64
note 45888 46024 1 40 64
note 46080 46280 1 62 64
note 46080 46320 1 65 64
note 46080 46352 1 69 64
note 46464 46696 1 64 64
note 46464 46712 1 69 64
note 46464 46720 1 65 64
note 46080 46752 1 38 64
note 46656 47000 1 45 64
note 46848 47056 1 65 64
note 46848 47056 1 69 64
note 46848 47072 1 62 64
note 47040 47384 1 38 64
note 47232 47456 1 69 64
note 47232 47464 1 65 64
note 47232 47496 1 62 64
note 47424 47608 1 45 64
note 47808 48040 1 50 64
note 48000 48248 1 58 64
note 48000 48256 1 62 64
note 48192 48464 1 50 64
note 48384 48632 1 55 64
note 47616 48792 1 43 64
note 48576 48840 1 50 64
note 48768 49024 1 58 64
note 48960 49056 1 45 64
note 48768 49152 1 62 64
note 49536 49824 1 58 64
note 49152 49856 1 46 64
note 49728 49872 1 62 64
note 49344 49904 1 53 64
note 49920 50192 1 58 64
note 49920 50240 1 62 64
note 49920 50248 1 65 64
note 49920 50392 1 46 64
note 50304 50408 1 53 64
note 50304 50504 1 58 64
note 50496 50648 1 45 64
note 50688 50872 1 58 64
note 50688 50992 1 55 64
note 50688 51008 1 62 64
note 50688 51272 1 43 64
note 51072 51280 1 58 64
note 51264 51440 1 50 64
note 51456 51504 1 57 64
note 51648 51856 1 50 64
note 51456 51928 1 43 64
note 51840 51928 1 55 64
note 51840 51936 1 58 64
note 51840 51944 1 62 64
note 52032 52192 1 50 64
note 52224 52368 1 60 64
note 52224 52504 1 57 64
note 52224 52520 1 64 64
note 52608 52744 1 60 64
note 52224 52768 1 45 64
note 52800 52976 1 52 64
note 52992 53504 1 58 64
note 52992 53520 1 65 64
note 52992 53536 1 62 64
note 52992 53560 1 46 64
note 53568 53656 1 53 64
note 53760 53984 1 69 64
note 53760 54008 1 65 64
note 53760 54040 1 72 64
note 54144 54368 1 69 64
note 54144 54488 1 72 64
note 54336 54512 1 48 64
note 54528 54720 1 65 64
note 54528 54816 1 72 64
note 54720 54872 1 48 64
note 53760 55120 1 41 64
note 55104 55296 1 48 64
note 55296 55520 1 69 64
note 55296 55544 1 65 64
note 55296 55576 1 72 64
note 55680 55904 1 69 64
note 55680 56024 1 72 64
note 55872 56048 1 48 64
note 56064 56256 1 65 64
note 56064 56352 1 72 64
note 56256 56408 1 48 64
note 55296 56656 1 41 64
note 56640 56832 1 48 64
note 56832 57088 1 65 64
note 56832 57112 1 69 64
note 56832 57152 1 72 64
note 57216 57376 1 72 64
note 56832 57424 1 41 64
note 57216 57472 1 69 64
note 57408 57616 1 48 64
note 57600 57816 1 65 64
note 57600 57816 1 69 64
note 57792 58128 1 41 64
note 57984 58136 1 69 64
note 57984 58144 1 72 64
note 57984 58160 1 65 64
note 58176 58272 1 48 64
note 58368 58536 1 62 64
note 58368 58560 1 65 64
note 58368 58560 1 69 64
note 58560 58704 1 45 64
note 58752 58896 1 65 64
note 58752 58952 1 64 64
note 58752 58984 1 69 64
note 58368 59120 1 38 64
note 58944 59152 1 45 64
note 59136 59328 1 65 64
note 59136 59392 1 62 64
note 59328 59528 1 45 64
note 59520 59664 1 65 64
note 59520 59688 1 69 64
note 59712 59872 1 45 64
note 59904 60056 1 58 64
note 59904 60144 1 55 64
note 59904 60216 1 62 64
note 60096 60320 1 50 64
note 60288 60536 1 58 64
note 59904 60672 1 43 64
note 60480 60720 1 50 64
note 60672 60840 1 58 64
note 60672 60880 1 62 64
note 60864 60968 1 43 64
note 61056 61240 1 43 64
note 61056 61296 1 62 64
note 61248 61344 1 45 64
note 61632 61896 1 53 64
note 61824 61992 1 62 64
note 61824 62072 1 58 64
note 62016 62296 1 53 64
note 61440 62304 1 46 64
note 62208 62360 1 62 64
note 62208 62432 1 58 64
note 62208 62464 1 65 64
note 62400 62520 1 46 64
note 62592 62696 1 65 64
note 62592 62736 1 62 64
note 62784 62928 1 45 64
note 62976 63184 1 58 64
note 62976 63224 1 55 64
note 62976 63288 1 62 64
note 63360 63544 1 58 64
note 63552 63744 1 50 64
note 63744 63904 1 65 64
note 63744 63920 1 58 64
note 63936 64160 1 50 64
note 62976 64200 1 43 64
note 64128 64304 1 58 64
note 64320 64496 1 50 64
note 64512 64720 1 60 64
note 64512 64760 1 57 64
note 64512 64792 1 67 64
note 64704 64840 1 64 64
note 64512 65176 1 45 64
note 64896 65240 1 60 64
note 65088 65240 1 52 64
note 65472 65720 1 53 64
note 65664 65792 1 62 64
note 65664 65832 1 65 64
note 65280 65872 1 46 64
note 65856 66008 1 53 64
note 66048 66592 1 64 64
note 66048 66592 1 67 64
note 66048 66648 1 60 64
note 66048 66672 1 48 64
note 66624 66792 1 55 64
note 66816 67408 1 65 64
note 66816 67416 1 48 64
note 66816 67464 1 60 64
note 66816 67504 1 67 64
note 67392 67592 1 55 64
note 67584 68152 1 60 64
note 67584 68176 1 67 64
note 67584 68192 1 64 64
note 68160 68384 1 55 64
note 68352 68792 1 58 64
note 68352 68888 1 64 64
note 68352 68920 1 67 64
note 67584 68936 1 48 64
note 68928 68968 1 55 64
note 69120 69352 1 65 64
note 69120 69416 1 69 64
note 69120 69448 1 72 64
note 69504 69664 1 72 64
note 69120 69696 1 41 64
note 69696 69864 1 48 64
note 69888 70072 1 67 64
note 69888 70080 1 69 64
note 69888 70168 1 72 64
note 69888 70256 1 41 64
note 70272 70432 1 72 64
note 70272 70440 1 69 64
note 70464 70536 1 65 64
note 70464 70600 1 40 64
note 70656 70856 1 62 64
note 70656 70896 1 65 64
note 70656 70928 1 69 64
note 71040 71272 1 64 64
note 71040 71288 1 69 64
note 71040 71296 1 65 64
note 70656 71328 1 38 64
note 71232 71576 1 45 64
note 71424 71632 1 65 64
note 71424 71632 1 69 64
note 71424 71648 1 62 64
note 71616 71960 1 38 64
note 71808 72032 1 69 64
note 71808 72040 1 65 64
note 71808 72072 1 62 64
note 72000 72184 1 45 64
note 72384 72616 1 50 64
note 72576 72824 1 58 64
note 72576 72832 1 62 64
note 72768 73040 1 50 64
note 72960 73208 1 55 64
note 72192 73368 1 43 64
note 73152 73416 1 50 64
note 73344 73600 1 58 64
note 73536 73632 1 45 64
note 73344 73728 1 62 64
note 74112 74400 1 58 64
note 73728 74432 1 46 64
note 74304 74448 1 62 64
note 73920 74480 1 53 64
note 74496 74768 1 58 64
note 74496 74816 1 62 64
note 74496 74824 1 65 64
note 74496 74968 1 46 64
note 74880 74984 1 53 64
note 74880 75080 1 58 64
note 75072 75224 1 45 64
note 75264 75448 1 58 64
note 75264 75568 1 55 64
note 75264 75584 1 62 64
note 75264 75848 1 43 64
note 75648 75856 1 58 64
note 75840 76016 1 50 64
note 76032 76080 1 57 64
note 76224 76432 1 50 64
note 76032 76504 1 43 64
note 76416 76504 1 55 64
note 76416 76512 1 58 64
note 76416 76520 1 62 64
note 76608 76768 1 50 64
note 76800 76944 1 60 64
note 76800 77080 1 57 64
note 76800 77096 1 64 64
note 77184 77320 1 60 64
note 76800 77344 1 45 64
note 77376 77552 1 52 64
note 77568 78080 1 58 64
note 77568 78096 1 65 64
note 77568 78112 1 62 64
note 77568 78136 1 46 64
note 78144 78232 1 53 64
note 78336 78560 1 69 64
note 78336 78584 1 65 64
note 78336 78616 1 72 64
note 78720 78944 1 69 64
note 78720 79064 1 72 64
note 78912 79088 1 48 64
note 79104 79296 1 65 64
note 79104 79392 1 72 64
note 79296 79448 1 48 64
note 78336 79696 1 41 64
note 79680 79872 1 48 64
note 79872 80096 1 69 64
note 79872 80120 1 65 64
note 79872 80152 1 72 64
note 80256 80480 1 69 64
note 80256 80600 1 72 64
note 80448 80624 1 48 64
note 80640 80832 1 65 64
note 80640 80928 1 72 64
note 80832 80984 1 48 64
note 79872 81232 1 41 64
note 81216 81408 1 48 64
note 81408 81664 1 65 64
note 81408 81688 1 69 64
note 81408 81728 1 72 64
note 81792 81952 1 72 64
note 81408 82000 1 41 64
note 81792 82048 1 69 64
note 81984 82192 1 48 64
note 82176 82392 1 65 64
note 82176 82392 1 69 64
note 82368 82704 1 41 64
note 82560 82712 1 69 64
note 82560 82720 1 72 64
note 82560 82736 1 65 64
note 82752 82848 1 48 64
note 82944 83112 1 62 64
note 82944 83136 1 65 64
note 82944 83136 1 69 64
note 83136 83280 1 45 64
note 83328 83472 1 65 64
note 83328 83528 1 64 64
note 83328 83560 1 69 64
note 82944 83696 1 38 64
note 83520 83728 1 45 64
note 83712 83904 1 65 64
note 83712 83968 1 62 64
note 83904 84104 1 45 64
note 84096 84240 1 65 64
note 84096 84264 1 69 64
note 84288 84448 1 45 64
note 84480 84632 1 58 64
note 84480 84720 1 55 64
note 84480 84792 1 62 64
note 84672 84896 1 50 64
note 84864 85112 1 58 64
note 84480 85248 1 43 64
note 85056 85296 1 50 64
note 85248 85416 1 58 64
note 85248 85456 1 62 64
note 85440 85544 1 43 64
note 85632 85816 1 43 64
note 85632 85872 1 62 64
note 85824 85920 1 45 64
note 86208 86472 1 53 64
note 86400 86568 1 62 64
note 86400 86648 1 58 64
note 86592 86872 1 53 64
note 86016 86880 1 46 64
note 86784 86936 1 62 64
note 86784 87008 1 58 64
note 86784 87040 1 65 64
note 86976 87096 1 46 64
note 87168 87272 1 65 64
note 87168 87312 1 62 64
note 87360 87504 1 45 64
note 87552 87760 1 58 64
note 87552 87800 1 55 64
note 87552 87864 1 62 64
note 87936 88120 1 58 64
note 88128 88320 1 50 64
note 88320 88480 1 65 64
note 88320 88496 1 58 64
note 88512 88736 1 50 64
note 87552 88776 1 43 64
note 88704 88880 1 58 64
note 88896 89072 1 50 64
note 89088 89296 1 60 64
note 89088 89336 1 57 64
note 89088 89368 1 67 64
note 89280 89416 1 64 64
note 89088 89752 1 45 64
note 89472 89816 1 60 64
note 89664 89816 1 52 64
note 90048 90296 1 53 64
note 90240 90368 1 62 64
note 90240 90408 1 65 64
note 89856 90448 1 46 64
note 90432 90584 1 53 64
note 90624 91392 1 53 64
note 90624 91392 1 48 64
note 90624 91392 1 57 64
note 90624 91896 1 41 64
note 6896 7280 11 60 64
note 6896 7280 11 65 64
note 7280 7336 11 60 64
note 7296 7752 11 65 64
note 7680 8160 11 69 64
note 8248 8456 11 69 64
note 8448 8840 11 67 64
note 8816 9240 11 65 64
note 9224 10392 11 69 64
note 10376 10584 11 67 64
note 10560 10800 11 65 64
note 10752 11352 11 67 64
note 11328 11576 11 69 64
note 11520 11928 11 67 64
note 11904 12344 11 65 64
note 12280 13296 11 62 64
note 13424 13648 11 62 64
note 13624 13856 11 65 64
note 13824 14408 11 67 64
note 14368 14648 11 69 64
note 14584 15000 11 67 64
note 14992 15456 11 65 64
note 15376 15584 11 62 64
note 15560 16216 11 60 64
note 16304 16544 11 60 64
note 16504 16744 11 62 64
note 16696 16992 11 65 64
note 16896 18416 11 67 64
note 19008 19200 11 60 64
note 19008 19200 11 65 64
note 19200 19584 11 60 64
note 19200 19584 11 65 64
note 19584 19968 11 60 64
note 19584 19968 11 65 64
note 19992 20056 11 60 64
note 19960 20480 11 69 64
note 20544 20768 11 69 64
note 20736 21144 11 67 64
note 21120 21536 11 65 64
note 21504 22352 11 69 64
note 22456 22672 11 69 64
note 22648 22856 11 67 64
note 22840 23080 11 65 64
note 23032 23624 11 67 64
note 23608 23864 11 69 64
note 23816 24224 11 67 64
note 24200 24640 11 65 64
note 24576 25576 11 62 64
note 25720 25936 11 62 64
note 25912 26144 11 65 64
note 26104 26704 11 67 64
note 26688 26928 11 69 64
note 26872 27280 11 67 64
note 27264 27672 11 65 64
note 27648 27880 11 62 64
note 27840 28480 11 60 64
note 28592 28856 11 60 64
note 28792 29008 11 62 64
note 28976 29104 11 65 64
note 29176 30720 11 65 64
note 31472 31800 11 65 64
note 31872 32288 11 65 64
note 32248 32960 11 69 64
note 33008 33440 11 67 64
note 33408 33840 11 65 64
note 33800 34952 11 69 64
note 34936 35152 11 67 64
note 35120 35336 11 65 64
note 35312 35920 11 67 64
note 35888 36136 11 69 64
note 36088 36512 11 67 64
note 36472 36896 11 65 64
note 36856 37872 11 62 64
note 38000 38232 11 62 64
note 38200 38440 11 65 64
note 38400 39008 11 67 64
note 38984 39232 11 69 64
note 39168 39552 11 67 64
note 39536 39960 11 65 64
note 39944 40176 11 62 64
note 40136 40736 11 60 64
note 40872 41112 11 60 64
note 41064 41304 11 62 64
note 41264 41480 11 65 64
note 41464 43320 11 67 64
note 43560 43688 11 65 64
note 43760 44056 11 65 64
note 44160 44568 11 65 64
note 44552 45024 11 69 64
note 45120 45352 11 69 64
note 45320 45712 11 67 64
note 45688 46120 11 65 64
note 46088 46936 11 69 64
note 47032 47264 11 69 64
note 47224 47432 11 67 64
note 47400 47696 11 65 64
note 47608 48200 11 67 64
note 48184 48432 11 69 64
note 48392 48800 11 67 64
note 48768 49184 11 65 64
note 49128 50224 11 62 64
note 50304 50520 11 62 64
note 50488 50712 11 65 64
note 50680 51264 11 67 64
note 51240 51520 11 69 64
note 51464 51848 11 67 64
note 51832 52232 11 65 64
note 52208 52440 11 62 64
note 52400 53032 11 60 64
note 53168 53424 11 60 64
note 53368 53584 11 62 64
note 53552 53680 11 65 64
note 53768 55296 11 65 64
note 56064 56384 11 65 64
note 56448 56768 11 65 64
note 56824 57600 11 69 64
note 57584 58000 11 67 64
note 57968 58392 11 65 64
note 58384 59536 11 69 64
note 59512 59720 11 67 64
note 59696 59928 11 65 64
note 59904 60496 11 67 64
note 60464 60720 11 69 64
note 60672 61088 11 67 64
note 61048 61472 11 65 64
note 61432 62448 11 62 64
note 62576 62816 11 62 64
note 62768 62976 11 65 64
note 62976 63576 11 67 64
note 63536 63792 11 69 64
note 63744 64128 11 67 64
note 64112 64504 11 65 64
note 64504 64720 11 62 64
note 64688 65360 11 60 64
note 65464 65704 11 60 64
note 65656 65872 11 62 64
note 65840 66056 11 65 64
note 66048 68352 11 67 64
note 68160 68352 11 65 64
note 68352 68736 11 65 64
note 68736 69120 11 65 64
note 69104 69696 11 69 64
note 69880 70280 11 67 64
note 69696 70656 11 69 64
note 70256 70656 11 65 64
note 71800 72016 11 67 64
note 71984 72208 11 65 64
note 71600 72760 11 69 64
note 72184 72792 11 67 64
note 72960 73376 11 67 64
note 73344 73768 11 65 64
note 73704 74760 11 62 64
note 74864 75104 11 62 64
note 75064 75280 11 65 64
note 72760 75832 11 69 64
note 75264 75856 11 67 64
note 76024 76456 11 67 64
note 76424 76848 11 65 64
note 76808 77032 11 62 64
note 77008 77968 11 60 64
note 77952 78160 11 62 64
note 78136 78256 11 65 64
note 78328 79872 11 65 64
note 80440 80552 11 65 64
note 80632 80928 11 65 64
note 75832 81392 11 69 64
note 81032 81432 11 65 64
note 81392 81968 11 69 64
note 82168 82560 11 67 64
note 81968 82944 11 69 64
note 82536 83032 11 65 64
note 84080 84280 11 67 64
note 84264 84568 11 65 64
note 83896 85048 11 69 64
note 84464 85072 11 67 64
note 85240 85656 11 67 64
note 85632 86056 11 65 64
note 86000 86992 11 62 64
note 87136 87376 11 62 64
note 87344 87560 11 65 64
note 85048 88096 11 69 64
note 87552 88120 11 67 64
note 88296 88704 11 67 64
note 88688 89080 11 65 64
note 89072 89288 11 62 64
note 89272 89592 11 60 64
note 89648 89872 11 60 64
note 89840 90224 11 62 64
note 90224 90288 11 65 64
note 88096 91776 11 69 65
note 90624 91776 11 65 64
note 1536 1544 40 35 64
note 1536 1584 40 42 64
note 1728 1776 40 42 64
note 1920 1968 40 42 64
note 1920 1968 40 37 64
note 2112 2120 40 35 64
note 2112 2160 40 42 64
note 2304 2312 40 35 64
note 2304 2352 40 42 64
note 2304 2368 40 69 64
note 2304 2368 40 54 64
note 2496 2544 40 42 64
note 2688 2736 40 42 64
note 2688 2736 40 37 64
note 2880 2928 40 42 64
note 3072 3080 40 35 64
note 3072 3120 40 42 64
note 3264 3312 40 42 64
note 3456 3504 40 37 64
note 3456 3504 40 42 64
note 3648 3656 40 35 64
note 3648 3696 40 42 64
note 3840 3848 40 35 64
note 3840 3888 40 42 64
note 3840 3904 40 69 64
note 3840 3904 40 54 64
note 4032 4080 40 42 64
note 4224 4272 40 37 64
note 4224 4272 40 42 64
note 4416 4464 40 42 64
note 4608 4616 40 35 64
note 4608 4656 40 42 64
note 4800 4848 40 42 64
note 4992 5040 40 37 64
note 4992 5040 40 42 64
note 5184 5192 40 35 64
note 5184 5232 40 42 64
note 5376 5384 40 35 64
note 5376 5424 40 42 64
note 5376 5440 40 69 64
note 5376 5440 40 54 64
note 5568 5616 40 42 64
note 5760 5808 40 37 64
note 5760 5808 40 42 64
note 5952 6000 40 42 64
note 6144 6152 40 35 64
note 6144 6192 40 42 64
note 6336 6384 40 42 64
note 6528 6576 40 37 64
note 6528 6576 40 42 64
note 6720 6728 40 35 64
note 6720 6768 40 42 64
note 6912 6920 40 35 64
note 6912 6960 40 42 64
note 6912 6976 40 69 64
note 6912 6976 40 54 64
note 7104 7152 40 42 64
note 7296 7344 40 37 64
note 7296 7344 40 42 64
note 7488 7536 40 42 64
note 7680 7688 40 35 64
note 7680 7728 40 42 64
note 7872 7920 40 42 64
note 8064 8112 40 37 64
note 8064 8112 40 42 64
note 8256 8264 40 35 64
note 8256 8304 40 42 64
note 8448 8456 40 35 64
note 8448 8496 40 42 64
note 8448 8512 40 69 64
note 8448 8512 40 54 64
note 8640 8688 40 42 64
note 8832 8880 40 37 64
note 8832 8880 40 42 64
note 9024 9072 40 42 64
note 9216 9224 40 35 64
note 9216 9264 40 42 64
note 9408 9456 40 42 64
note 9600 9648 40 37 64
note 9600 9648 40 42 64
note 9792 9800 40 35 64
note 9792 9840 40 42 64
note 9984 9992 40 35 64
note 9984 10032 40 42 64
note 9984 10048 40 69 64
note 9984 10048 40 54 64
note 10176 10224 40 42 64
note 10368 10416 40 37 64
note 10368 10416 40 42 64
note 10560 10608 40 42 64
note 10752 10760 40 35 64
note 10752 10800 40 42 64
note 10944 10992 40 42 64
note 11136 11184 40 37 64
note 11136 11184 40 42 64
note 11328 11336 40 35 64
note 11328 11376 40 42 64
note 11520 11528 40 35 64
note 11520 11568 40 42 64
note 11520 11584 40 69 64
note 11520 11584 40 54 64
note 11712 11760 40 42 64
note 11904 11952 40 37 64
note 11904 11952 40 42 64
note 12096 12144 40 42 64
note 12288 12296 40 35 64
note 12288 12336 40 42 64
note 12480 12528 40 42 64
note 12672 12720 40 37 64
note 12672 12720 40 42 64
note 12864 12872 40 35 64
note 12864 12912 40 42 64
note 13056 13064 40 35 64
note 13056 13104 40 42 64
note 13056 13120 40 69 64
note 13056 13120 40 54 64
note 13248 13296 40 42 64
note 13440 13488 40 37 64
note 13440 13488 40 42 64
note 13632 13680 40 42 64
note 13824 13832 40 35 64
note 13824 13872 40 42 64
note 14016 14064 40 42 64
note 14208 14256 40 37 64
note 14208 14256 40 42 64
note 14400 14408 40 35 64
note 14400 14448 40 42 64
note 14592 14600 40 35 64
note 14592 14640 40 42 64
note 14592 14656 40 69 64
note 14592 14656 40 54 64
note 14784 14832 40 42 64
note 14976 15024 40 37 64
note 14976 15024 40 42 64
note 15168 15216 40 42 64
note 15360 15368 40 35 64
note 15360 15408 40 42 64
note 15552 15600 40 42 64
note 15744 15792 40 37 64
note 15744 15792 40 42 64
note 15936 15944 40 35 64
note 15936 15984 40 42 64
note 16128 16136 40 35 64
note 16128 16176 40 42 64
note 16128 16192 40 69 64
note 16128 16192 40 54 64
note 16320 16368 40 42 64
note 16512 16560 40 37 64
note 16512 16560 40 42 64
note 16704 16752 40 42 64
note 16896 16904 40 35 64
note 16896 16944 40 42 64
note 17088 17136 40 42 64
note 17280 17328 40 37 64
note 17280 17328 40 42 64
note 17472 17480 40 35 64
note 17472 17520 40 42 64
note 17664 17672 40 35 64
note 17664 17712 40 42 64
note 17664 17728 40 69 64
note 17664 17728 40 54 64
note 17856 17904 40 42 64
note 18048 18096 40 37 64
note 18048 18096 40 42 64
note 18240 18288 40 42 64
note 18432 18440 40 35 64
note 18432 18480 40 42 64
note 18624 18672 40 42 64
note 18816 18864 40 37 64
note 18816 18864 40 42 64
note 19008 19016 40 35 64
note 19008 19056 40 42 64
note 19200 19208 40 35 64
note 19200 19248 40 42 64
note 19200 19264 40 69 64
note 19200 19264 40 54 64
note 19392 19440 40 42 64
note 19584 19632 40 37 64
note 19584 19632 40 42 64
note 19776 19824 40 42 64
note 19968 19976 40 35 64
note 19968 20016 40 42 64
note 20160 20208 40 42 64
note 20352 20400 40 37 64
note 20352 20400 40 42 64
note 20544 20552 40 35 64
note 20544 20592 40 42 64
note 20736 20744 40 35 64
note 20736 20784 40 42 64
note 20736 20800 40 69 64
note 20736 20800 40 54 64
note 20928 20976 40 42 64
note 21120 21168 40 37 64
note 21120 21168 40 42 64
note 21312 21360 40 42 64
note 21504 21512 40 35 64
note 21504 21552 40 42 64
note 21696 21744 40 42 64
note 21888 21936 40 37 64
note 21888 21936 40 42 64
note 22080 22088 40 35 64
note 22080 22128 40 42 64
note 22272 22280 40 35 64
note 22272 22320 40 42 64
note 22272 22336 40 69 64
note 22272 22336 40 54 64
note 22464 22512 40 42 64
note 22656 22704 40 37 64
note 22656 22704 40 42 64
note 22848 22896 40 42 64
note 23040 23048 40 35 64
note 23040 23088 40 42 64
note 23232 23280 40 42 64
note 23424 23472 40 37 64
note 23424 23472 40 42 64
note 23616 23624 40 35 64
note 23616 23664 40 42 64
note 23808 23816 40 35 64
note 23808 23856 40 42 64
note 23808 23872 40 69 64
note 23808 23872 40 54 64
note 24000 24048 40 42 64
note 24192 24240 40 37 64
note 24192 24240 40 42 64
note 24384 24432 40 42 64
note 24576 24584 40 35 64
note 24576 24624 40 42 64
note 24768 24816 40 42 64
note 24960 25008 40 37 64
note 24960 25008 40 42 64
note 25152 25160 40 35 64
note 25152 25200 40 42 64
note 25344 25352 40 35 64
note 25344 25392 40 42 64
note 25344 25408 40 69 64
note 25344 25408 40 54 64
note 25536 25584 40 42 64
note 25728 25776 40 37 64
note 25728 25776 40 42 64
note 25920 25968 40 42 64
note 26112 26120 40 35 64
note 26112 26160 40 42 64
note 26304 26352 40 42 64
note 26496 26544 40 37 64
note 26496 26544 40 42 64
note 26688 26696 40 35 64
note 26688 26736 40 42 64
note 26880 26888 40 35 64
note 26880 26928 40 42 64
note 26880 26944 40 69 64
note 26880 26944 40 54 64
note 27072 27120 40 42 64
note 27264 27312 40 37 64
note 27264 27312 40 42 64
note 27456 27504 40 42 64
note 27648 27656 40 35 64
note 27648 27696 40 42 64
note 27840 27888 40 42 64
note 28032 28080 40 37 64
note 28032 28080 40 42 64
note 28224 28232 40 35 64
note 28224 28272 40 42 64
note 28416 28424 40 35 64
note 28416 28464 40 42 64
note 28416 28480 40 69 64
note 28416 28480 40 54 64
note 28608 28656 40 42 64
note 28800 28848 40 37 64
note 28800 28848 40 42 64
note 28992 29040 40 42 64
note 29184 29192 40 35 64
note 29184 29232 40 42 64
note 29376 29424 40 42 64
note 29568 29616 40 37 64
note 29568 29616 40 42 64
note 29760 29768 40 35 64
note 29760 29808 40 42 64
note 29952 29960 40 35 64
note 29952 30000 40 42 64
note 29952 30016 40 69 64
note 29952 30016 40 54 64
note 30144 30192 40 42 64
note 30336 30384 40 37 64
note 30336 30384 40 42 64
note 30528 30576 40 42 64
note 30720 30728 40 35 64
note 30720 30768 40 42 64
note 30912 30960 40 42 64
note 31104 31152 40 37 64
note 31104 31152 40 42 64
note 31296 31304 40 35 64
note 31296 31344 40 42 64
note 31488 31496 40 35 64
note 31488 31536 40 42 64
note 31488 31552 40 69 64
note 31488 31552 40 54 64
note 31680 31728 40 42 64
note 31872 31920 40 37 64
note 31872 31920 40 42 64
note 32064 32112 40 42 64
note 32256 32264 40 35 64
note 32256 32304 40 42 64
note 32448 32496 40 42 64
note 32640 32688 40 37 64
note 32640 32688 40 42 64
note 32832 32840 40 35 64
note 32832 32880 40 42 64
note 33024 33032 40 35 64
note 33024 33072 40 42 64
note 33024 33088 40 69 64
note 33024 33088 40 54 64
note 33216 33264 40 42 64
note 33408 33456 40 37 64
note 33408 33456 40 42 64
note 33600 33648 40 42 64
note 33792 33800 40 35 64
note 33792 33840 40 42 64
note 33984 34032 40 42 64
note 34176 34224 40 37 64
note 34176 34224 40 42 64
note 34368 34376 40 35 64
note 34368 34416 40 42 64
note 34560 34568 40 35 64
note 34560 34608 40 42 64
note 34560 34624 40 69 64
note 34560 34624 40 54 64
note 34752 34800 40 42 64
note 34944 34992 40 37 64
note 34944 34992 40 42 64
note 35136 35184 40 42 64
note 35328 35336 40 35 64
note 35328 35376 40 42 64
note 35520 35568 40 42 64
note 35712 35760 40 37 64
note 35712 35760 40 42 64
note 35904 35912 40 35 64
note 35904 35952 40 42 64
note 36096 36104 40 35 64
note 36096 36144 40 42 64
note 36096 36160 40 69 64
note 36096 36160 40 54 64
note 36288 36336 40 42 64
note 36480 36528 40 37 64
note 36480 36528 40 42 64
note 36672 36720 40 42 64
note 36864 36872 40 35 64
note 36864 36912 40 42 64
note 37056 37104 40 42 64
note 37248 37296 40 37 64
note 37248 37296 40 42 64
note 37440 37448 40 35 64
note 37440 37488 40 42 64
note 37632 37640 40 35 64
note 37632 37680 40 42 64
note 37632 37696 40 69 64
note 37632 37696 40 54 64
note 37824 37872 40 42 64
note 38016 38064 40 37 64
note 38016 38064 40 42 64
note 38208 38256 40 42 64
note 38400 38408 40 35 64
note 38400 38448 40 42 64
note 38592 38640 40 42 64
note 38784 38832 40 37 64
note 38784 38832 40 42 64
note 38976 38984 40 35 64
note 38976 39024 40 42 64
note 39168 39176 40 35 64
note 39168 39216 40 42 64
note 39168 39232 40 69 64
note 39168 39232 40 54 64
note 39360 39408 40 42 64
note 39552 39600 40 37 64
note 39552 39600 40 42 64
note 39744 39792 40 42 64
note 39936 39944 40 35 64
note 39936 39984 40 42 64
note 40128 40176 40 42 64
note 40320 40368 40 37 64
note 40320 40368 40 42 64
note 40512 40520 40 35 64
note 40512 40560 40 42 64
note 40704 40712 40 35 64
note 40704 40752 40 42 64
note 40704 40768 40 69 64
note 40704 40768 40 54 64
note 40896 40944 40 42 64
note 41088 41136 40 37 64
note 41088 41136 40 42 64
note 41280 41328 40 42 64
note 41472 41480 40 35 64
note 41472 41520 40 42 64
note 41664 41712 40 42 64
note 41856 41904 40 37 64
note 41856 41904 40 42 64
note 42048 42056 40 35 64
note 42048 42096 40 42 64
note 42240 42248 40 35 64
note 42240 42288 40 42 64
note 42240 42304 40 69 64
note 42240 42304 40 54 64
note 42432 42480 40 42 64
note 42624 42672 40 37 64
note 42624 42672 40 42 64
note 42816 42864 40 42 64
note 43008 43016 40 35 64
note 43008 43056 40 42 64
note 43200 43248 40 42 64
note 43392 43440 40 37 64
note 43392 43440 40 42 64
note 43584 43592 40 35 64
note 43584 43632 40 42 64
note 43776 43784 40 35 64
note 43776 43824 40 42 64
note 43776 43840 40 69 64
note 43776 43840 40 54 64
note 43968 44016 40 42 64
note 44160 44208 40 37 64
note 44160 44208 40 42 64
note 44352 44400 40 42 64
note 44544 44552 40 35 64
note 44544 44592 40 42 64
note 44736 44784 40 42 64
note 44928 44976 40 37 64
note 44928 44976 40 42 64
note 45120 45128 40 35 64
note 45120 45168 40 42 64
note 45312 45320 40 35 64
note 45312 45360 40 42 64
note 45312 45376 40 69 64
note 45312 45376 40 54 64
note 45504 45552 40 42 64
note 45696 45744 40 37 64
note 45696 45744 40 42 64
note 45888 45936 40 42 64
note 46080 46088 40 35 64
note 46080 46128 40 42 64
note 46272 46320 40 42 64
note 46464 46512 40 37 64
note 46464 46512 40 42 64
note 46656 46664 40 35 64
note 46656 46704 40 42 64
note 46848 46856 40 35 64
note 46848 46896 40 42 64
note 46848 46912 40 69 64
note 46848 46912 40 54 64
note 47040 47088 40 42 64
note 47232 47280 40 37 64
note 47232 47280 40 42 64
note 47424 47472 40 42 64
note 47616 47624 40 35 64
note 47616 47664 40 42 64
note 47808 47856 40 42 64
note 48000 48048 40 37 64
note 48000 48048 40 42 64
note 48192 48200 40 35 64
note 48192 48240 40 42 64
note 48384 48392 40 35 64
note 48384 48432 40 42 64
note 48384 48448 40 69 64
note 48384 48448 40 54 64
note 48576 48624 40 42 64
note 48768 48816 40 37 64
note 48768 48816 40 42 64
note 48960 49008 40 42 64
note 49152 49160 40 35 64
note 49152 49200 40 42 64
note 49344 49392 40 42 64
note 49536 49584 40 37 64
note 49536 49584 40 42 64
note 49728 49736 40 35 64
note 49728 49776 40 42 64
note 49920 49928 40 35 64
note 49920 49968 40 42 64
note 49920 49984 40 69 64
note 49920 49984 40 54 64
note 50112 50160 40 42 64
note 50304 50352 40 37 64
note 50304 50352 40 42 64
note 50496 50544 40 42 64
note 50688 50696 40 35 64
note 50688 50736 40 42 64
note 50880 50928 40 42 64
note 51072 51120 40 37 64
note 51072 51120 40 42 64
note 51264 51272 40 35 64
note 51264 51312 40 42 64
note 51456 51464 40 35 64
note 51456 51504 40 42 64
note 51456 51520 40 69 64
note 51456 51520 40 54 64
note 51648 51696 40 42 64
note 51840 51888 40 37 64
note 51840 51888 40 42 64
note 52032 52080 40 42 64
note 52224 52232 40 35 64
note 52224 52272 40 42 64
note 52416 52464 40 42 64
note 52608 52656 40 37 64
note 52608 52656 40 42 64
note 52800 52808 40 35 64
note 52800 52848 40 42 64
note 52992 53000 40 35 64
note 52992 53040 40 42 64
note 52992 53056 40 69 64
note 52992 53056 40 54 64
note 53184 53232 40 42 64
note 53376 53424 40 37 64
note 53376 53424 40 42 64
note 53568 53616 40 42 64
note 53760 53768 40 35 64
note 53760 53808 40 42 64
note 53952 54000 40 42 64
note 54144 54192 40 37 64
note 54144 54192 40 42 64
note 54336 54344 40 35 64
note 54336 54384 40 42 64
note 54528 54536 40 35 64
note 54528 54576 40 42 64
note 54528 54592 40 69 64
note 54528 54592 40 54 64
note 54720 54768 40 42 64
note 54912 54960 40 37 64
note 54912 54960 40 42 64
note 55104 55152 40 42 64
note 55296 55304 40 35 64
note 55296 55344 40 42 64
note 55488 55536 40 42 64
note 55680 55728 40 37 64
note 55680 55728 40 42 64
note 55872 55880 40 35 64
note 55872 55920 40 42 64
note 56064 56072 40 35 64
note 56064 56112 40 42 64
note 56064 56128 40 69 64
note 56064 56128 40 54 64
note 56256 56304 40 42 64
note 56448 56496 40 37 64
note 56448 56496 40 42 64
note 56640 56688 40 42 64
note 56832 56840 40 35 64
note 56832 56880 40 42 64
note 57024 57072 40 42 64
note 57216 57264 40 37 64
note 57216 57264 40 42 64
note 57408 57416 40 35 64
note 57408 57456 40 42 64
note 57600 57608 40 35 64
note 57600 57648 40 42 64
note 57600 57664 40 69 64
note 57600 57664 40 54 64
note 57792 57840 40 42 64
note 57984 58032 40 37 64
note 57984 58032 40 42 64
note 58176 58224 40 42 64
note 58368 58376 40 35 64
note 58368 58416 40 42 64
note 58560 58608 40 42 64
note 58752 58800 40 37 64
note 58752 58800 40 42 64
note 58944 58952 40 35 64
note 58944 58992 40 42 64
note 59136 59144 40 35 64
note 59136 59184 40 42 64
note 59136 59200 40 69 64
note 59136 59200 40 54 64
note 59328 59376 40 42 64
note 59520 59568 40 37 64
note 59520 59568 40 42 64
note 59712 59760 40 42 64
note 59904 59912 40 35 64
note 59904 59952 40 42 64
note 60096 60144 40 42 64
note 60288 60336 40 37 64
note 60288 60336 40 42 64
note 60480 60488 40 35 64
note 60480 60528 40 42 64
note 60672 60680 40 35 64
note 60672 60720 40 42 64
note 60672 60736 40 69 64
note 60672 60736 40 54 64
note 60864 60912 40 42 64
note 61056 61104 40 37 64
note 61056 61104 40 42 64
note 61248 61296 40 42 64
note 61440 61448 40 35 64
note 61440 61488 40 42 64
note 61632 61680 40 42 64
note 61824 61872 40 37 64
note 61824 61872 40 42 64
note 62016 62024 40 35 64
note 62016 62064 40 42 64
note 62208 62216 40 35 64
note 62208 62256 40 42 64
note 62208 62272 40 69 64
note 62208 62272 40 54 64
note 62400 62448 40 42 64
note 62592 62640 40 37 64
note 62592 62640 40 42 64
note 62784 62832 40 42 64
note 62976 62984 40 35 64
note 62976 63024 40 42 64
note 63168 63216 40 42 64
note 63360 63408 40 37 64
note 63360 63408 40 42 64
note 63552 63560 40 35 64
note 63552 63600 40 42 64
note 63744 63752 40 35 64
note 63744 63792 40 42 64
note 63744 63808 40 69 64
note 63744 63808 40 54 64
note 63936 63984 40 42 64
note 64128 64176 40 37 64
note 64128 64176 40 42 64
note 64320 64368 40 42 64
note 64512 64520 40 35 64
note 64512 64560 40 42 64
note 64704 64752 40 42 64
note 64896 64944 40 37 64
note 64896 64944 40 42 64
note 65088 65096 40 35 64
note 65088 65136 40 42 64
note 65280 65288 40 35 64
note 65280 65328 40 42 64
note 65280 65344 40 69 64
note 65280 65344 40 54 64
note 65472 65520 40 42 64
note 65664 65712 40 37 64
note 65664 65712 40 42 64
note 65856 65904 40 42 64
note 66048 66056 40 35 64
note 66048 66096 40 42 64
note 66240 66288 40 42 64
note 66432 66480 40 37 64
note 66432 66480 40 42 64
note 66624 66632 40 35 64
note 66624 66672 40 42 64
note 66816 66824 40 35 64
note 66816 66864 40 42 64
note 66816 66880 40 69 64
note 66816 66880 40 54 64
note 67008 67056 40 42 64
note 67200 67248 40 37 64
note 67200 67248 40 42 64
note 67392 67440 40 42 64
note 67584 67592 40 35 64
note 67584 67632 40 42 64
note 67776 67824 40 42 64
note 67968 68016 40 37 64
note 67968 68016 40 42 64
note 68160 68168 40 35 64
note 68160 68208 40 42 64
note 68352 68360 40 35 64
note 68352 68400 40 42 64
note 68352 68416 40 69 64
note 68352 68416 40 54 64
note 68544 68592 40 42 64
note 68736 68784 40 37 64
note 68736 68784 40 42 64
note 68928 68976 40 42 64
note 69120 69128 40 35 64
note 69120 69168 40 42 64
note 69312 69360 40 42 64
note 69504 69552 40 37 64
note 69504 69552 40 42 64
note 69696 69704 40 35 64
note 69696 69744 40 42 64
note 69888 69896 40 35 64
note 69888 69936 40 42 64
note 69888 69952 40 69 64
note 69888 69952 40 54 64
note 70080 70128 40 42 64
note 70272 70320 40 37 64
note 70272 70320 40 42 64
note 70464 70512 40 42 64
note 70656 70664 40 35 64
note 70656 70704 40 42 64
note 70848 70896 40 42 64
note 71040 71088 40 37 64
note 71040 71088 40 42 64
note 71232 71240 40 35 64
note 71232 71280 40 42 64
note 71424 71432 40 35 64
note 71424 71472 40 42 64
note 71424 71488 40 69 64
note 71424 71488 40 54 64
note 71616 71664 40 42 64
note 71808 71856 40 37 64
note 71808 71856 40 42 64
note 72000 72048 40 42 64
note 72192 72200 40 35 64
note 72192 72240 40 42 64
note 72384 72432 40 42 64
note 72576 72624 40 37 64
note 72576 72624 40 42 64
note 72768 72776 40 35 64
note 72768 72816 40 42 64
note 72960 72968 40 35 64
note 72960 73008 40 42 64
note 72960 73024 40 69 64
note 72960 73024 40 54 64
note 73152 73200 40 42 64
note 73344 73392 40 37 64
note 73344 73392 40 42 64
note 73536 73584 40 42 64
note 73728 73736 40 35 64
note 73728 73776 40 42 64
note 73920 73968 40 42 64
note 74112 74160 40 37 64
note 74112 74160 40 42 64
note 74304 74312 40 35 64
note 74304 74352 40 42 64
note 74496 74504 40 35 64
note 74496 74544 40 42 64
note 74496 74560 40 69 64
note 74496 74560 40 54 64
note 74688 74736 40 42 64
note 74880 74928 40 37 64
note 74880 74928 40 42 64
note 75072 75120 40 42 64
note 75264 75272 40 35 64
note 75264 75312 40 42 64
note 75456 75504 40 42 64
note 75648 75696 40 37 64
note 75648 75696 40 42 64
note 75840 75848 40 35 64
note 75840 75888 40 42 64
note 76032 76040 40 35 64
note 76032 76080 40 42 64
note 76032 76096 40 69 64
note 76032 76096 40 54 64
note 76224 76272 40 42 64
note 76416 76464 40 37 64
note 76416 76464 40 42 64
note 76608 76656 40 42 64
note 76800 76808 40 35 64
note 76800 76848 40 42 64
note 76992 77040 40 42 64
note 77184 77232 40 37 64
note 77184 77232 40 42 64
note 77376 77384 40 35 64
note 77376 77424 40 42 64
note 77568 77576 40 35 64
note 77568 77616 40 42 64
note 77568 77632 40 69 64
note 77568 77632 40 54 64
note 77760 77808 40 42 64
note 77952 78000 40 37 64
note 77952 78000 40 42 64
note 78144 78192 40 42 64
note 78336 78344 40 35 64
note 78336 78384 40 42 64
note 78528 78576 40 42 64
note 78720 78768 40 37 64
note 78720 78768 40 42 64
note 78912 78920 40 35 64
note 78912 78960 40 42 64
note 79104 79112 40 35 64
note 79104 79152 40 42 64
note 79104 79168 40 69 64
note 79104 79168 40 54 64
note 79296 79344 40 42 64
note 79488 79536 40 37 64
note 79488 79536 40 42 64
note 79680 79728 40 42 64
note 79872 79880 40 35 64
note 79872 79920 40 42 64
note 80064 80112 40 42 64
note 80256 80304 40 37 64
note 80256 80304 40 42 64
note 80448 80456 40 35 64
note 80448 80496 40 42 64
note 80640 80648 40 35 64
note 80640 80688 40 42 64
note 80640 80704 40 69 64
note 80640 80704 40 54 64
note 80832 80880 40 42 64
note 81024 81072 40 37 64
note 81024 81072 40 42 64
note 81216 81264 40 42 64
note 81408 81416 40 35 64
note 81408 81456 40 42 64
note 81600 81648 40 42 64
note 81792 81840 40 37 64
note 81792 81840 40 42 64
note 81984 81992 40 35 64
note 81984 82032 40 42 64
note 82176 82184 40 35 64
note 82176 82224 40 42 64
note 82176 82240 40 69 64
note 82176 82240 40 54 64
note 82368 82416 40 42 64
note 82560 82608 40 37 64
note 82560 82608 40 42 64
note 82752 82800 40 42 64
note 82944 82952 40 35 64
note 82944 82992 40 42 64
note 83136 83184 40 42 64
note 83328 83376 40 37 64
note 83328 83376 40 42 64
note 83520 83528 40 35 64
note 83520 83568 40 42 64
note 83712 83720 40 35 64
note 83712 83760 40 42 64
note 83712 83776 40 69 64
note 83712 83776 40 54 64
note 83904 83952 40 42 64
note 84096 84144 40 37 64
note 84096 84144 40 42 64
note 84288 84336 40 42 64
note 84480 84488 40 35 64
note 84480 84528 40 42 64
note 84672 84720 40 42 64
note 84864 84912 40 37 64
note 84864 84912 40 42 64
note 85056 85064 40 35 64
note 85056 85104 40 42 64
note 85248 85256 40 35 64
note 85248 85296 40 42 64
note 85248 85312 40 69 64
note 85248 85312 40 54 64
note 85440 85488 40 42 64
note 85632 85680 40 37 64
note 85632 85680 40 42 64
note 85824 85872 40 42 64
note 86016 86024 40 35 64
note 86016 86064 40 42 64
note 86208 86256 40 42 64
note 86400 86448 40 37 64
note 86400 86448 40 42 64
note 86592 86600 40 35 64
note 86592 86640 40 42 64
note 86784 86792 40 35 64
note 86784 86832 40 42 64
note 86784 86848 40 69 64
note 86784 86848 40 54 64
note 86976 87024 40 42 64
note 87168 87216 40 37 64
note 87168 87216 40 42 64
note 87360 87408 40 42 64
note 87552 87560 40 35 64
note 87552 87600 40 42 64
note 87744 87792 40 42 64
note 87936 87984 40 37 64
note 87936 87984 40 42 64
note 88128 88136 40 35 64
note 88128 88176 40 42 64
note 88320 88328 40 35 64
note 88320 88368 40 42 64
note 88320 88384 40 69 64
note 88320 88384 40 54 64
note 88512 88560 40 42 64
note 88704 88752 40 37 64
note 88704 88752 40 42 64
note 88896 88944 40 42 64
note 89088 89096 40 35 64
note 89088 89136 40 42 64
note 89280 89328 40 42 64
note 89472 89520 40 37 64
note 89472 89520 40 42 64
note 89664 89672 40 35 64
note 89664 89712 40 42 64
note 89856 89864 40 35 64
note 89856 89904 40 42 64
note 89856 89920 40 69 64
note 89856 89920 40 54 64
note 90048 90096 40 42 64
note 90240 90288 40 37 64
note 90240 90288 40 42 64
note 90432 90480 40 42 64
note 90624 90672 40 49 64
