tempo 300000
note 0 1 1 71 60
note 1 2 1 74 60
note 2 3 1 78 60
note 3 4 1 79 60
note 4 5 1 78 60
note 5 6 1 74 60

note 6 7 1 69 60
note 7 8 1 71 60
note 8 9 1 78 60
note 9 10 1 79 60
note 10 11 1 78 60
note 11 12 1 71 60

note 12 13 1 71 60
note 13 14 1 74 60
note 14 15 1 78 60
note 15 16 1 79 60
note 16 17 1 78 60
note 17 18 1 74 60

note 18 19 1 79 60
note 19 20 1 78 60
note 20 21 1 74 60
note 21 22 1 79 60
note 22 23 1 78 60
note 23 24 1 74 60
note 23 24 1 69 80


note 24 25 1 69 80
note 25 26 1 69 80
note 26 27 1 69 80
note 27 28 1 69 80
note 28 29 1 65 80
note 29 30 1 62 80
note 24 30 1 47 60

note 30 36 1 47 60
note 30 31 1 64 80
note 31 32 1 65 80

note 36 42 1 47 60
note 37 38 1 65 80
note 38 39 1 65 80
note 39 40 1 65 80
note 40 41 1 65 80
note 41 42 1 65 80

note 42 45 1 44 60
note 45 48 1 45 60
note 42 43 1 65 80
note 43 44 1 64 80
note 44 45 1 57 80
note 45 46 1 62 80
note 46 47 1 64 80
note 47 48 1 65 80

note 48 54 1 47 60
note 48 49 1 65 80
note 50 51 1 57 80
note 51 52 1 62 80
note 52 53 1 64 80
note 53 54 1 65 80

note 54 60 1 47 60
note 54 55 1 65 80
note 56 57 1 57 80
note 57 58 1 62 80
note 58 59 1 64 80
note 59 60 1 65 80

note 60 66 1 47 60
note 60 61 1 65 80
note 61 62 1 64 80
note 62 63 1 62 80

note 66 69 1 50 60
note 69 72 1 49 60

note 72 78 1 47 60
note 73 74 1 50 60
note 74 75 1 54 60
note 75 76 1 56 60
note 76 77 1 54 60
note 77 78 1 50 60
note 73 74 1 69 80
note 74 75 1 69 80
note 75 76 1 69 80
note 76 77 1 69 80
note 77 78 1 69 80

note 78 84 1 41 60
note 78 79 1 46 60
note 79 80 1 49 60
note 80 81 1 54 60
note 81 82 1 55 60
note 82 83 1 54 60
note 83 84 1 49 60
note 78 79 1 69 80
note 79 80 1 67 80
note 80 81 1 65 80
note 81 82 1 65 80
note 82 83 1 64 80
note 83 84 1 62 80

note 84 90 1 53 60
note 84 85 1 47 60
note 85 86 1 50 60
note 86 87 1 54 60
note 87 88 1 56 60
note 88 89 1 54 60
note 89 90 1 50 60
note 84 85 1 57 80
note 85 86 1 57 80
note 86 87 1 57 80
note 87 88 1 57 80
note 89 90 1 65 80

note 90 93 1 38 60
note 93 96 1 40 60
note 90 91 1 55 60
note 91 92 1 54 60
note 92 93 1 51 60
note 93 94 1 55 60
note 94 95 1 54 60
note 95 96 1 51 60
note 90 91 1 65 80
note 93 94 1 62 80
note 94 95 1 62 80

note 96 102 1 41 60
note 96 97 1 46 60
note 97 98 1 49 60
note 98 99 1 54 60
note 99 100 1 55 60
note 100 101 1 54 60
note 101 102 1 49 60
note 98 99 1 62 80
note 99 100 1 65 80
note 100 101 1 64 80
note 101 102 1 64 80

note 102 108 1 41 60
note 102 103 1 46 60
note 103 104 1 49 60
note 104 105 1 54 60
note 105 106 1 55 60
note 106 107 1 54 60
note 107 108 1 49 60
note 102 103 1 64 80
note 103 104 1 62 80
note 104 105 1 62 80
note 106 106 1 62 80
note 107 108 1 62 80

note 108 114 1 43 60
note 108 109 1 46 60
note 109 110 1 49 60
note 110 111 1 54 60
note 111 112 1 55 60
note 112 113 1 54 60
note 113 114 1 49 60
note 108 109 1 65 80
note 109 110 1 64 80
note 110 111 1 64 80
note 111 112 1 64 80
note 112 113 1 62 80
note 113 114 1 62 80

note 114 120 1 49 60
note 114 115 1 55 60
note 115 116 1 54 60
note 116 117 1 49 60
note 114 115 1 62 80
