tempo 380000
note 6 7 1 69 60
note 6 7 1 67 60
note 7 8 1 69 60
note 7 8 1 67 60
note 9 10 1 66 60
note 10 12 1 68 60
note 10 12 1 70 60
note 13 14 1 69 60
note 13 14 1 71 60
note 14 15 1 69 60
note 14 15 1 71 60
note 16 17 1 66 60
note 17 19 1 68 60
note 17 19 1 70 60
note 20 21 1 69 60
note 20 21 1 67 60
note 21 22 1 69 60
note 21 22 1 67 60
note 23 24 1 66 60
note 24 26 1 68 60
note 24 26 1 70 60
note 27 28 1 69 60
note 27 28 1 71 60
note 28 29 1 69 60
note 28 31 1 71 60
note 30 31 1 66 60
note 31 33 1 68 60
note 31 33 1 70 60