tempo 6125
note 24 40 0 67 64
note 40 56 0 69 64
note 56 72 0 71 64
note 72 88 0 72 64
note 88 104 0 74 64
note 104 120 0 75 64
note 120 216 0 76 64
note 120 216 0 65 64
note 120 216 0 69 64
note 120 216 0 72 64
note 216 312 0 65 64
note 216 312 0 76 64
note 216 312 0 72 64
note 216 312 0 69 64
note 312 408 0 65 64
note 312 408 0 69 64
note 312 408 0 72 64
note 408 504 0 76 64
note 408 504 0 72 64
note 408 504 0 69 64
note 408 504 0 81 64
note 504 600 0 79 64
note 504 600 0 68 64
note 504 600 0 72 64
note 504 600 0 75 64
note 600 696 0 68 64
note 600 696 0 72 64
note 600 696 0 75 64
note 696 792 0 68 64
note 696 792 0 72 64
note 696 792 0 75 64
note 696 792 0 79 64
note 792 888 0 84 64
note 792 888 0 79 64
note 792 888 0 75 64
note 792 888 0 72 64
note 888 984 0 79 64
note 888 984 0 76 64
note 888 984 0 72 64
note 888 984 0 69 64
note 984 1080 0 76 64
note 984 1080 0 72 64
note 984 1080 0 69 64
note 984 1080 0 65 64
note 1080 1176 0 69 64
note 1080 1176 0 65 64
note 1080 1176 0 72 64
note 1176 1206 0 72 64
note 1206 1224 0 67 64
note 1224 1248 0 69 64
note 1248 1260 0 72 64
note 1296 1368 0 74 64
note 1296 1368 0 70 64
note 1296 1368 0 67 64
note 1296 1368 0 63 64
note 1368 1440 0 68 64
note 1368 1440 0 72 64
note 1368 1440 0 75 64
note 1368 1440 0 79 64
note 1440 1728 0 61 64
note 1440 1728 0 65 64
note 1440 1728 0 68 64
note 1440 1728 0 70 64
note 1440 1728 0 72 64
note 1776 1800 0 67 64
note 1800 1824 0 69 64
note 1824 1896 0 72 64
note 1824 1896 0 64 64
note 1824 1896 0 67 64
note 1968 1992 0 67 64
note 1992 2016 0 69 64
note 2016 2088 0 72 64
note 2160 2184 0 67 64
note 2184 2208 0 69 64
note 2208 2280 0 72 64
note 2280 2328 0 69 64
note 2328 2376 0 72 64
note 2376 2424 0 69 64
note 2424 2472 0 75 64
note 2472 2496 0 74 64
note 2496 2592 0 72 64
note 2664 2712 0 69 64
note 2712 2760 0 72 64
note 2760 2784 0 74 64
note 2784 2856 0 75 64
note 2856 2904 0 74 64
note 2904 2940 0 72 64
note 2940 2976 0 68 64
note 2976 3024 0 67 64
note 3048 3096 0 71 64
note 3048 3096 0 67 64
note 3048 3096 0 74 64
note 3048 3096 0 79 64
note 3144 3192 0 67 64
note 3144 3192 0 74 64
note 3144 3192 0 70 64
note 3144 3192 0 79 64
note 3240 3288 0 69 64
note 3240 3288 0 72 64
note 3240 3288 0 76 64
note 3240 3288 0 79 64
note 3336 3384 0 67 64
note 3336 3384 0 71 64
note 3336 3384 0 74 64
note 3336 3384 0 79 64
note 3384 3432 0 72 64
note 3504 3528 0 67 64
note 3528 3552 0 69 64
note 3552 3600 0 72 64
note 3696 3720 0 72 64
note 3720 3744 0 74 64
note 3744 3816 0 76 64
note 3816 3864 0 72 64
note 3864 3912 0 76 64
note 3912 3960 0 72 64
note 3960 3996 0 81 64
note 3996 4032 0 81 64
note 4032 4128 0 76 64
note 4152 4200 0 76 64
note 4200 4248 0 74 64
note 4248 4296 0 76 64
note 4296 4320 0 79 64
note 4320 4392 0 76 64
note 4392 4440 0 67 64
note 4440 4488 0 69 64
note 4488 4512 0 71 64
note 4512 4572 0 72 64
note 4572 4608 0 72 64
note 4572 4608 0 76 64
note 4572 4608 0 67 64
note 4632 4680 0 76 64
note 4632 4680 0 67 64
note 4632 4680 0 72 64
note 4680 4716 0 77 64
note 4716 4728 0 78 64
note 4728 4764 0 79 64
note 4764 4776 0 78 64
note 4776 4800 0 79 64
note 4800 4824 0 82 64
note 4824 4872 0 77 64
note 4872 4920 0 79 64
note 4920 4944 0 81 64
note 4944 4968 0 77 64
note 4968 4992 0 79 64
note 4992 5040 0 81 64
note 5040 5064 0 77 64
note 5064 5088 0 79 64
note 5088 5136 0 81 64
note 5160 5232 0 84 64
note 5160 5232 0 72 64
note 5160 5232 0 76 64
note 5160 5232 0 79 64
note 5232 5352 0 83 64
note 5352 5424 0 79 64
note 5424 5496 0 76 64
note 5496 5544 0 79 64
note 5496 5544 0 82 64
note 5496 5544 0 76 64
note 5544 5568 0 82 64
note 5544 5568 0 79 64
note 5544 5568 0 76 64
note 5568 5616 0 81 64
note 5688 5736 0 76 64
note 5736 5760 0 76 64
note 5760 5784 0 72 64
note 5838 5844 0 71 64
note 5844 5850 0 72 64
note 5850 5856 0 74 64
note 5856 5862 0 76 64
note 5832 5880 0 69 64
note 5880 5928 0 76 64
note 5928 5952 0 76 64
note 5952 5976 0 72 64
note 6000 6036 0 95 64
note 6012 6060 0 100 64
note 6072 6102 0 67 64
note 6072 6102 0 79 64
note 6102 6120 0 66 64
note 6120 6144 0 67 64
note 6144 6198 0 69 64
note 6198 6216 0 67 64
note 6216 6240 0 69 64
note 6240 6294 0 70 64
note 6294 6312 0 69 64
note 6312 6336 0 70 64
note 6336 6390 0 71 64
note 6390 6408 0 70 64
note 6408 6432 0 71 64
note 6480 6515 0 76 64
note 6480 6515 0 69 64
note 6480 6515 0 79 64
note 6480 6515 0 72 64
note 6515 6552 0 72 64
note 6515 6552 0 79 64
note 6515 6552 0 69 64
note 6515 6552 0 76 64
note 6552 6589 0 72 64
note 6552 6589 0 79 64
note 6552 6589 0 69 64
note 6552 6589 0 76 64
note 6589 6624 0 73 64
note 6589 6624 0 80 64
note 6589 6624 0 70 64
note 6589 6624 0 77 64
note 6624 6660 0 74 64
note 6624 6660 0 81 64
note 6624 6660 0 71 64
note 6624 6660 0 78 64
note 6660 6696 0 82 64
note 6660 6696 0 72 64
note 6660 6696 0 79 64
note 6660 6696 0 75 64
note 6696 6744 0 60 64
note 6744 6768 0 63 64
note 6768 6816 0 60 64
note 6816 6888 0 67 64
note 6816 6888 0 70 64
note 6816 6888 0 60 64
note 6816 6888 0 63 64
note 6888 6936 0 68 64
note 6936 6960 0 67 64
note 6960 7008 0 68 64
note 7008 7092 0 70 64
note 7008 7092 0 62 64
note 7008 7092 0 65 64
note 7200 7272 0 58 64
note 7200 7272 0 67 64
note 7200 7272 0 62 64
note 7200 7272 0 70 64
note 7272 7320 0 68 64
note 7320 7344 0 67 64
note 7344 7392 0 68 64
note 7392 7476 0 70 64
note 7392 7476 0 67 64
note 7392 7476 0 63 64
note 7584 7656 0 63 64
note 7584 7656 0 67 64
note 7584 7656 0 70 64
note 7584 7656 0 60 64
note 7656 7704 0 68 64
note 7704 7728 0 67 64
note 7728 7776 0 68 64
note 7776 7848 0 65 64
note 7776 7848 0 70 64
note 7776 7848 0 62 64
note 7848 7896 0 68 64
note 7896 7920 0 67 64
note 7920 7968 0 65 64
note 7968 8052 0 60 64
note 7968 8052 0 67 64
note 7968 8052 0 63 64
note 8232 8280 0 60 64
note 8280 8304 0 63 64
note 8304 8352 0 60 64
note 8352 8424 0 70 64
note 8352 8424 0 67 64
note 8352 8424 0 63 64
note 8352 8424 0 60 64
note 8424 8472 0 68 64
note 8472 8496 0 67 64
note 8496 8544 0 68 64
note 8544 8628 0 70 64
note 8544 8628 0 62 64
note 8544 8628 0 65 64
note 8712 8736 0 67 64
note 8736 8808 0 67 64
note 8736 8808 0 58 64
note 8736 8808 0 62 64
note 8736 8808 0 70 64
note 8808 8856 0 72 64
note 8856 8880 0 74 64
note 8880 8928 0 75 64
note 8928 9024 0 74 64
note 8928 9024 0 67 64
note 8928 9024 0 70 64
note 9024 9120 0 72 64
note 9024 9120 0 67 64
note 9024 9120 0 64 64
note 9144 9216 0 65 64
note 9144 9216 0 70 64
note 9216 9288 0 63 64
note 9288 9336 0 60 64
note 9336 9432 0 62 64
note 9336 9432 0 55 64
note 9336 9432 0 58 64
note 9432 9528 0 67 64
note 9432 9528 0 63 64
note 9432 9528 0 58 64
note 9528 9600 0 63 64
note 9528 9600 0 58 64
note 9528 9600 0 55 64
note 9768 9816 0 60 64
note 9816 9840 0 63 64
note 9840 9888 0 60 64
note 9888 9960 0 70 64
note 9888 9960 0 60 64
note 9888 9960 0 63 64
note 9888 9960 0 67 64
note 9960 10008 0 68 64
note 10008 10032 0 67 64
note 10032 10080 0 68 64
note 10080 10164 0 70 64
note 10080 10164 0 62 64
note 10080 10164 0 65 64
note 10272 10344 0 58 64
note 10272 10344 0 67 64
note 10272 10344 0 62 64
note 10272 10344 0 70 64
note 10344 10392 0 68 64
note 10392 10416 0 67 64
note 10416 10464 0 68 64
note 10464 10548 0 70 64
note 10464 10548 0 67 64
note 10464 10548 0 63 64
note 10656 10728 0 63 64
note 10656 10728 0 67 64
note 10656 10728 0 60 64
note 10656 10728 0 70 64
note 10728 10776 0 68 64
note 10776 10800 0 67 64
note 10800 10848 0 68 64
note 10848 10920 0 70 64
note 10848 10920 0 62 64
note 10848 10920 0 65 64
note 10920 11016 0 75 64
note 10920 11016 0 70 64
note 10920 11016 0 67 64
note 11016 11064 0 74 64
note 11064 11160 0 70 64
note 11064 11160 0 61 64
note 11064 11160 0 64 64
note 11304 11352 0 60 64
note 11352 11376 0 63 64
note 11376 11424 0 60 64
note 11424 11496 0 70 64
note 11424 11496 0 60 64
note 11424 11496 0 63 64
note 11424 11496 0 67 64
note 11496 11544 0 68 64
note 11544 11568 0 67 64
note 11568 11616 0 68 64
note 11616 11700 0 70 64
note 11616 11700 0 62 64
note 11616 11700 0 65 64
note 11784 11808 0 67 64
note 11808 11880 0 70 64
note 11808 11880 0 58 64
note 11808 11880 0 67 64
note 11808 11880 0 62 64
note 11880 11928 0 72 64
note 11928 11952 0 74 64
note 11952 12000 0 75 64
note 12000 12096 0 74 64
note 12000 12096 0 67 64
note 12000 12096 0 70 64
note 12096 12192 0 72 64
note 12096 12192 0 67 64
note 12096 12192 0 64 64
note 12264 12336 0 67 64
note 12264 12336 0 63 64
note 12264 12336 0 70 64
note 12336 12408 0 60 64
note 12408 12480 0 62 64
note 12408 12480 0 55 64
note 12408 12480 0 58 64
note 12552 12600 0 62 64
note 12600 12648 0 70 64
note 12600 12648 0 67 64
note 12600 12648 0 61 64
note 12648 12720 0 65 64
note 12720 12768 0 62 64
note 12768 12840 0 64 64
note 12840 12936 0 72 64
note 12840 12936 0 65 64
note 12840 12936 0 68 64
note 12984 13056 0 70 64
note 13056 13128 0 63 64
note 13128 13176 0 60 64
note 13176 13272 0 62 64
note 13176 13272 0 67 64
note 13176 13272 0 58 64
note 13272 13344 0 67 64
note 13272 13344 0 62 64
note 13272 13344 0 58 64
note 13344 13392 0 63 64
note 13392 13464 0 66 64
note 13392 13464 0 70 64
note 13392 13464 0 73 64
note 13392 13464 0 77 64
note 13464 13536 0 59 64
note 13464 13536 0 63 64
note 13464 13536 0 66 64
note 13464 13536 0 70 64
note 13536 13632 0 75 64
note 13536 13632 0 71 64
note 13536 13632 0 68 64
note 13536 13632 0 64 64
note 13632 13920 0 71 64
note 13632 13920 0 68 64
note 13632 13920 0 64 64
note 13968 13980 0 63 64
note 13992 14004 0 63 64
note 14040 14064 0 63 64
note 14136 14160 0 63 64
note 14184 14208 0 63 64
note 14352 14364 0 63 64
note 14376 14388 0 63 64
note 14424 14448 0 63 64
note 14520 14544 0 63 64
note 14568 14592 0 63 64
note 14736 14748 0 63 64
note 14736 14748 0 67 64
note 14760 14772 0 67 64
note 14760 14772 0 63 64
note 14808 14832 0 63 64
note 14808 14832 0 67 64
note 14904 14928 0 63 64
note 14904 14928 0 67 64
note 14952 14976 0 67 64
note 14952 14976 0 63 64
note 15120 15132 0 63 64
note 15120 15132 0 67 64
note 15144 15156 0 63 64
note 15144 15156 0 67 64
note 15192 15216 0 67 64
note 15192 15216 0 63 64
note 15288 15312 0 67 64
note 15288 15312 0 63 64
note 15336 15360 0 67 64
note 15336 15360 0 63 64
note 15504 15516 0 70 64
note 15504 15516 0 67 64
note 15504 15516 0 63 64
note 15528 15540 0 70 64
note 15528 15540 0 67 64
note 15528 15540 0 63 64
note 15576 15600 0 63 64
note 15576 15600 0 70 64
note 15576 15600 0 67 64
note 15672 15696 0 70 64
note 15672 15696 0 67 64
note 15672 15696 0 63 64
note 15720 15744 0 70 64
note 15720 15744 0 67 64
note 15720 15744 0 63 64
note 15888 15900 0 67 64
note 15888 15900 0 63 64
note 15888 15900 0 70 64
note 15912 15924 0 70 64
note 15912 15924 0 67 64
note 15912 15924 0 63 64
note 15960 15984 0 63 64
note 15960 15984 0 70 64
note 15960 15984 0 67 64
note 16056 16080 0 63 64
note 16056 16080 0 70 64
note 16056 16080 0 67 64
note 16104 16128 0 70 64
note 16104 16128 0 67 64
note 16104 16128 0 63 64
note 16272 16284 0 63 64
note 16272 16284 0 73 64
note 16272 16284 0 70 64
note 16272 16284 0 67 64
note 16296 16308 0 63 64
note 16296 16308 0 67 64
note 16296 16308 0 70 64
note 16296 16308 0 73 64
note 16344 16368 0 73 64
note 16344 16368 0 63 64
note 16344 16368 0 67 64
note 16344 16368 0 70 64
note 16440 16464 0 63 64
note 16440 16464 0 67 64
note 16440 16464 0 70 64
note 16440 16464 0 73 64
note 16488 16512 0 63 64
note 16488 16512 0 67 64
note 16488 16512 0 70 64
note 16488 16512 0 73 64
note 16560 16572 0 73 64
note 16560 16572 0 70 64
note 16560 16572 0 67 64
note 16560 16572 0 63 64
note 16584 16596 0 63 64
note 16584 16596 0 67 64
note 16584 16596 0 70 64
note 16584 16596 0 73 64
note 16632 16728 0 75 64
note 16632 16728 0 63 64
note 16632 16728 0 67 64
note 16632 16728 0 70 64
note 16728 16752 0 70 64
note 16728 16752 0 67 64
note 16728 16752 0 63 64
note 16728 16752 0 73 64
note 16752 16800 0 70 64
note 16752 16800 0 67 64
note 16752 16800 0 63 64
note 16752 16800 0 75 64
note 16800 16848 0 73 64
note 16800 16848 0 70 64
note 16800 16848 0 67 64
note 16800 16848 0 63 64
note 16848 16862 0 51 64
note 16862 16877 0 58 64
note 16877 16892 0 63 64
note 16892 16906 0 66 64
note 16920 16968 0 63 64
note 17016 17088 0 64 64
note 17016 17088 0 53 64
note 17016 17088 0 57 64
note 17016 17088 0 60 64
note 17088 17160 0 62 64
note 17088 17160 0 60 64
note 17088 17160 0 57 64
note 17088 17160 0 53 64
note 17160 17232 0 64 64
note 17160 17232 0 60 64
note 17160 17232 0 57 64
note 17160 17232 0 53 64
note 17232 17304 0 60 64
note 17232 17304 0 57 64
note 17232 17304 0 53 64
note 17232 17304 0 62 64
note 17304 17352 0 64 64
note 17304 17352 0 60 64
note 17304 17352 0 57 64
note 17304 17352 0 53 64
note 17352 17388 0 62 64
note 17352 17388 0 60 64
note 17352 17388 0 57 64
note 17352 17388 0 53 64
note 17400 17472 0 64 64
note 17400 17472 0 60 64
note 17400 17472 0 67 64
note 17400 17472 0 57 64
note 17472 17496 0 57 64
note 17472 17496 0 64 64
note 17472 17496 0 67 64
note 17472 17496 0 60 64
note 17496 17520 0 57 64
note 17496 17520 0 64 64
note 17496 17520 0 67 64
note 17496 17520 0 60 64
note 17520 17544 0 57 64
note 17520 17544 0 64 64
note 17520 17544 0 67 64
note 17520 17544 0 60 64
note 17568 17592 0 60 64
note 17568 17592 0 67 64
note 17568 17592 0 64 64
note 17568 17592 0 57 64
note 17616 17640 0 60 64
note 17616 17640 0 67 64
note 17616 17640 0 64 64
note 17616 17640 0 57 64
note 17640 17664 0 57 64
note 17640 17664 0 64 64
note 17640 17664 0 67 64
note 17640 17664 0 60 64
note 17712 17736 0 55 64
note 17736 17760 0 57 64
note 17760 17832 0 72 64
note 17760 17832 0 64 64
note 17760 17832 0 67 64
note 17904 17928 0 67 64
note 17928 17952 0 69 64
note 17952 18024 0 72 64
note 18096 18120 0 67 64
note 18120 18144 0 69 64
note 18144 18216 0 72 64
note 18216 18264 0 69 64
note 18264 18312 0 72 64
note 18312 18360 0 69 64
note 18360 18408 0 75 64
note 18408 18432 0 74 64
note 18432 18528 0 72 64
note 18600 18648 0 69 64
note 18648 18696 0 72 64
note 18696 18720 0 74 64
note 18720 18792 0 75 64
note 18792 18840 0 74 64
note 18840 18876 0 72 64
note 18876 18912 0 68 64
note 18912 18960 0 67 64
note 18984 19032 0 79 64
note 18984 19032 0 71 64
note 18984 19032 0 67 64
note 18984 19032 0 74 64
note 19080 19128 0 79 64
note 19080 19128 0 67 64
note 19080 19128 0 74 64
note 19080 19128 0 70 64
note 19176 19224 0 79 64
note 19176 19224 0 69 64
note 19176 19224 0 72 64
note 19176 19224 0 76 64
note 19272 19320 0 79 64
note 19272 19320 0 67 64
note 19272 19320 0 71 64
note 19272 19320 0 74 64
note 19320 19368 0 72 64
note 19440 19464 0 67 64
note 19464 19488 0 69 64
note 19488 19536 0 72 64
note 19632 19656 0 72 64
note 19656 19680 0 74 64
note 19680 19752 0 76 64
note 19752 19800 0 72 64
note 19800 19848 0 76 64
note 19848 19896 0 72 64
note 19896 19932 0 81 64
note 19932 19968 0 81 64
note 19968 20064 0 76 64
note 20088 20136 0 76 64
note 20136 20184 0 74 64
note 20184 20232 0 76 64
note 20232 20256 0 79 64
note 20256 20328 0 76 64
note 20328 20376 0 67 64
note 20376 20424 0 69 64
note 20424 20448 0 71 64
note 20448 20508 0 72 64
note 20508 20544 0 72 64
note 20508 20544 0 76 64
note 20508 20544 0 67 64
note 20568 20616 0 72 64
note 20568 20616 0 76 64
note 20568 20616 0 67 64
note 20616 20652 0 77 64
note 20652 20664 0 78 64
note 20664 20700 0 79 64
note 20700 20712 0 78 64
note 20712 20736 0 79 64
note 20736 20760 0 82 64
note 20760 20808 0 77 64
note 20808 20856 0 79 64
note 20856 20880 0 81 64
note 20880 20904 0 77 64
note 20904 20928 0 79 64
note 20928 20976 0 81 64
note 20976 21000 0 77 64
note 21000 21024 0 79 64
note 21024 21072 0 81 64
note 21096 21168 0 84 64
note 21096 21168 0 72 64
note 21096 21168 0 76 64
note 21096 21168 0 79 64
note 21168 21288 0 83 64
note 21288 21360 0 79 64
note 21360 21432 0 76 64
note 21432 21480 0 79 64
note 21432 21480 0 76 64
note 21432 21480 0 82 64
note 21480 21504 0 82 64
note 21480 21504 0 79 64
note 21480 21504 0 76 64
note 21504 21552 0 81 64
note 21624 21672 0 76 64
note 21672 21696 0 76 64
note 21696 21720 0 72 64
note 21774 21780 0 71 64
note 21780 21786 0 72 64
note 21786 21792 0 74 64
note 21792 21798 0 76 64
note 21768 21816 0 69 64
note 21816 21864 0 76 64
note 21864 21888 0 76 64
note 21888 21912 0 72 64
note 21936 21972 0 95 64
note 21948 21996 0 100 64
note 22008 22038 0 79 64
note 22008 22038 0 67 64
note 22038 22056 0 66 64
note 22056 22080 0 67 64
note 22080 22134 0 69 64
note 22134 22152 0 67 64
note 22152 22176 0 69 64
note 22176 22230 0 70 64
note 22230 22248 0 69 64
note 22248 22272 0 70 64
note 22272 22326 0 71 64
note 22326 22344 0 70 64
note 22344 22368 0 71 64
note 22416 22451 0 76 64
note 22416 22451 0 69 64
note 22416 22451 0 79 64
note 22416 22451 0 72 64
note 22451 22488 0 72 64
note 22451 22488 0 79 64
note 22451 22488 0 69 64
note 22451 22488 0 76 64
note 22488 22525 0 72 64
note 22488 22525 0 79 64
note 22488 22525 0 69 64
note 22488 22525 0 76 64
note 22525 22560 0 73 64
note 22525 22560 0 80 64
note 22525 22560 0 70 64
note 22525 22560 0 77 64
note 22560 22596 0 74 64
note 22560 22596 0 81 64
note 22560 22596 0 71 64
note 22560 22596 0 78 64
note 22596 22632 0 82 64
note 22596 22632 0 72 64
note 22596 22632 0 79 64
note 22596 22632 0 75 64
note 22632 22680 0 60 64
note 22680 22704 0 63 64
note 22704 22752 0 60 64
note 22752 22824 0 67 64
note 22752 22824 0 70 64
note 22752 22824 0 60 64
note 22752 22824 0 63 64
note 22824 22872 0 68 64
note 22872 22896 0 67 64
note 22896 22944 0 68 64
note 22944 23028 0 70 64
note 22944 23028 0 62 64
note 22944 23028 0 65 64
note 23136 23208 0 58 64
note 23136 23208 0 67 64
note 23136 23208 0 62 64
note 23136 23208 0 70 64
note 23208 23256 0 68 64
note 23256 23280 0 67 64
note 23280 23328 0 68 64
note 23328 23412 0 70 64
note 23328 23412 0 67 64
note 23328 23412 0 63 64
note 23520 23592 0 63 64
note 23520 23592 0 67 64
note 23520 23592 0 70 64
note 23520 23592 0 60 64
note 23592 23640 0 68 64
note 23640 23664 0 67 64
note 23664 23712 0 68 64
note 23712 23784 0 65 64
note 23712 23784 0 70 64
note 23712 23784 0 62 64
note 23784 23832 0 68 64
note 23832 23856 0 67 64
note 23856 23904 0 65 64
note 23904 23988 0 60 64
note 23904 23988 0 67 64
note 23904 23988 0 63 64
note 24168 24216 0 60 64
note 24216 24240 0 63 64
note 24240 24288 0 60 64
note 24288 24360 0 70 64
note 24288 24360 0 67 64
note 24288 24360 0 63 64
note 24288 24360 0 60 64
note 24360 24408 0 68 64
note 24408 24432 0 67 64
note 24432 24480 0 68 64
note 24480 24564 0 70 64
note 24480 24564 0 62 64
note 24480 24564 0 65 64
note 24648 24672 0 67 64
note 24672 24744 0 67 64
note 24672 24744 0 58 64
note 24672 24744 0 62 64
note 24672 24744 0 70 64
note 24744 24792 0 72 64
note 24792 24816 0 74 64
note 24816 24864 0 75 64
note 24864 24960 0 74 64
note 24864 24960 0 67 64
note 24864 24960 0 70 64
note 24960 25056 0 72 64
note 24960 25056 0 67 64
note 24960 25056 0 64 64
note 25080 25152 0 65 64
note 25080 25152 0 70 64
note 25152 25224 0 63 64
note 25224 25272 0 60 64
note 25272 25368 0 62 64
note 25272 25368 0 55 64
note 25272 25368 0 58 64
note 25368 25464 0 67 64
note 25368 25464 0 63 64
note 25368 25464 0 58 64
note 25464 25536 0 63 64
note 25464 25536 0 58 64
note 25464 25536 0 55 64
note 25704 25752 0 60 64
note 25752 25776 0 63 64
note 25776 25824 0 60 64
note 25824 25896 0 70 64
note 25824 25896 0 60 64
note 25824 25896 0 63 64
note 25824 25896 0 67 64
note 25896 25944 0 68 64
note 25944 25968 0 67 64
note 25968 26016 0 68 64
note 26016 26100 0 70 64
note 26016 26100 0 62 64
note 26016 26100 0 65 64
note 26208 26280 0 58 64
note 26208 26280 0 67 64
note 26208 26280 0 62 64
note 26208 26280 0 70 64
note 26280 26328 0 68 64
note 26328 26352 0 67 64
note 26352 26400 0 68 64
note 26400 26484 0 70 64
note 26400 26484 0 67 64
note 26400 26484 0 63 64
note 26592 26664 0 63 64
note 26592 26664 0 67 64
note 26592 26664 0 60 64
note 26592 26664 0 70 64
note 26664 26712 0 68 64
note 26712 26736 0 67 64
note 26736 26784 0 68 64
note 26784 26856 0 70 64
note 26784 26856 0 62 64
note 26784 26856 0 65 64
note 26856 26952 0 75 64
note 26856 26952 0 70 64
note 26856 26952 0 67 64
note 26952 27000 0 74 64
note 27000 27096 0 70 64
note 27000 27096 0 61 64
note 27000 27096 0 64 64
note 27240 27288 0 60 64
note 27288 27312 0 63 64
note 27312 27360 0 60 64
note 27360 27432 0 70 64
note 27360 27432 0 60 64
note 27360 27432 0 63 64
note 27360 27432 0 67 64
note 27432 27480 0 68 64
note 27480 27504 0 67 64
note 27504 27552 0 68 64
note 27552 27636 0 70 64
note 27552 27636 0 62 64
note 27552 27636 0 65 64
note 27720 27744 0 67 64
note 27744 27816 0 70 64
note 27744 27816 0 58 64
note 27744 27816 0 67 64
note 27744 27816 0 62 64
note 27816 27864 0 72 64
note 27864 27888 0 74 64
note 27888 27936 0 75 64
note 27936 28032 0 74 64
note 27936 28032 0 67 64
note 27936 28032 0 70 64
note 28032 28080 0 72 64
note 28032 28080 0 67 64
note 28032 28080 0 64 64
note 28104 28152 0 60 64
note 28152 28224 0 70 64
note 28152 28224 0 67 64
note 28152 28224 0 63 64
note 28224 28296 0 63 64
note 28296 28344 0 60 64
note 28344 28416 0 62 64
note 28344 28416 0 55 64
note 28344 28416 0 58 64
note 28488 28536 0 62 64
note 28536 28584 0 70 64
note 28536 28584 0 67 64
note 28536 28584 0 61 64
note 28584 28656 0 65 64
note 28656 28704 0 62 64
note 28704 28776 0 64 64
note 28776 28872 0 72 64
note 28776 28872 0 65 64
note 28776 28872 0 68 64
note 28920 28992 0 70 64
note 28992 29064 0 63 64
note 29064 29112 0 60 64
note 29112 29208 0 62 64
note 29112 29208 0 67 64
note 29112 29208 0 58 64
note 29208 29280 0 67 64
note 29208 29280 0 58 64
note 29208 29280 0 62 64
note 29280 29664 0 63 64
note 29280 29664 0 58 64
note 29280 29664 0 55 64
note 29664 29736 0 63 64
note 29664 29736 0 60 64
note 29664 29736 0 67 64
note 29664 29736 0 56 64
note 29736 29808 0 65 64
note 29736 29808 0 63 64
note 29736 29808 0 60 64
note 29736 29808 0 56 64
note 29808 29880 0 56 64
note 29808 29880 0 60 64
note 29808 29880 0 63 64
note 29808 29880 0 67 64
note 29880 29952 0 63 64
note 29880 29952 0 60 64
note 29880 29952 0 56 64
note 29880 29952 0 65 64
note 29952 30000 0 67 64
note 29952 30000 0 63 64
note 29952 30000 0 60 64
note 29952 30000 0 56 64
note 30000 30036 0 65 64
note 30000 30036 0 63 64
note 30000 30036 0 60 64
note 30000 30036 0 56 64
note 30048 30120 0 68 64
note 30048 30120 0 64 64
note 30048 30120 0 61 64
note 30048 30120 0 71 64
note 30120 30144 0 61 64
note 30120 30144 0 68 64
note 30120 30144 0 71 64
note 30120 30144 0 64 64
note 30144 30168 0 64 64
note 30144 30168 0 71 64
note 30144 30168 0 68 64
note 30144 30168 0 61 64
note 30168 30192 0 61 64
note 30168 30192 0 68 64
note 30168 30192 0 71 64
note 30168 30192 0 64 64
note 30216 30240 0 64 64
note 30216 30240 0 71 64
note 30216 30240 0 68 64
note 30216 30240 0 61 64
note 30264 30288 0 64 64
note 30264 30288 0 71 64
note 30264 30288 0 68 64
note 30264 30288 0 61 64
note 30288 30312 0 61 64
note 30288 30312 0 68 64
note 30288 30312 0 71 64
note 30288 30312 0 64 64
note 30432 30504 0 71 64
note 30432 30504 0 61 64
note 30432 30504 0 64 64
note 30432 30504 0 68 64
note 30504 30552 0 69 64
note 30552 30576 0 68 64
note 30576 30624 0 69 64
note 30624 30708 0 71 64
note 30624 30708 0 63 64
note 30624 30708 0 66 64
note 30816 30888 0 59 64
note 30816 30888 0 68 64
note 30816 30888 0 63 64
note 30816 30888 0 71 64
note 30888 30936 0 69 64
note 30936 30960 0 68 64
note 30960 31008 0 69 64
note 31008 31092 0 71 64
note 31008 31092 0 68 64
note 31008 31092 0 64 64
note 31200 31272 0 64 64
note 31200 31272 0 68 64
note 31200 31272 0 71 64
note 31200 31272 0 61 64
note 31272 31320 0 69 64
note 31320 31344 0 68 64
note 31344 31392 0 69 64
note 31392 31464 0 66 64
note 31392 31464 0 71 64
note 31392 31464 0 63 64
note 31464 31512 0 69 64
note 31512 31536 0 68 64
note 31536 31584 0 66 64
note 31584 31668 0 68 64
note 31584 31668 0 59 64
note 31584 31668 0 62 64
note 31848 31896 0 61 64
note 31896 31920 0 64 64
note 31920 31968 0 61 64
note 31968 32040 0 71 64
note 31968 32040 0 68 64
note 31968 32040 0 64 64
note 31968 32040 0 61 64
note 32040 32088 0 69 64
note 32088 32112 0 68 64
note 32112 32160 0 69 64
note 32160 32244 0 71 64
note 32160 32244 0 63 64
note 32160 32244 0 66 64
note 32328 32352 0 68 64
note 32352 32424 0 68 64
note 32352 32424 0 64 64
note 32352 32424 0 61 64
note 32352 32424 0 71 64
note 32424 32472 0 73 64
note 32472 32496 0 75 64
note 32496 32544 0 76 64
note 32544 32640 0 75 64
note 32544 32640 0 68 64
note 32544 32640 0 71 64
note 32640 32736 0 73 64
note 32640 32736 0 68 64
note 32640 32736 0 65 64
note 32760 32832 0 66 64
note 32760 32832 0 71 64
note 32832 32904 0 64 64
note 32904 32952 0 61 64
note 32952 33048 0 63 64
note 32952 33048 0 56 64
note 32952 33048 0 59 64
note 33048 33144 0 68 64
note 33048 33144 0 64 64
note 33048 33144 0 59 64
note 33144 33216 0 64 64
note 33144 33216 0 59 64
note 33144 33216 0 56 64
note 33384 33432 0 61 64
note 33432 33456 0 64 64
note 33456 33504 0 61 64
note 33504 33576 0 71 64
note 33504 33576 0 61 64
note 33504 33576 0 64 64
note 33504 33576 0 68 64
note 33576 33624 0 69 64
note 33624 33648 0 68 64
note 33648 33696 0 69 64
note 33696 33780 0 71 64
note 33696 33780 0 63 64
note 33696 33780 0 66 64
note 33888 33960 0 59 64
note 33888 33960 0 68 64
note 33888 33960 0 63 64
note 33888 33960 0 71 64
note 33960 34008 0 69 64
note 34008 34032 0 68 64
note 34032 34080 0 69 64
note 34080 34164 0 71 64
note 34080 34164 0 68 64
note 34080 34164 0 64 64
note 34272 34344 0 64 64
note 34272 34344 0 68 64
note 34272 34344 0 61 64
note 34272 34344 0 71 64
note 34344 34392 0 69 64
note 34392 34416 0 68 64
note 34416 34464 0 69 64
note 34464 34536 0 71 64
note 34464 34536 0 63 64
note 34464 34536 0 66 64
note 34536 34632 0 76 64
note 34536 34632 0 71 64
note 34536 34632 0 68 64
note 34632 34680 0 75 64
note 34680 34776 0 71 64
note 34680 34776 0 62 64
note 34680 34776 0 65 64
note 34920 34968 0 61 64
note 34968 34992 0 64 64
note 34992 35040 0 61 64
note 35040 35112 0 71 64
note 35040 35112 0 61 64
note 35040 35112 0 64 64
note 35040 35112 0 68 64
note 35112 35160 0 69 64
note 35160 35184 0 68 64
note 35184 35232 0 69 64
note 35232 35316 0 71 64
note 35232 35316 0 63 64
note 35232 35316 0 66 64
note 35400 35424 0 68 64
note 35424 35496 0 71 64
note 35424 35496 0 59 64
note 35424 35496 0 68 64
note 35424 35496 0 63 64
note 35496 35544 0 73 64
note 35544 35568 0 75 64
note 35568 35616 0 76 64
note 35616 35712 0 75 64
note 35616 35712 0 68 64
note 35616 35712 0 71 64
note 35712 35760 0 73 64
note 35712 35760 0 68 64
note 35712 35760 0 65 64
note 35784 35832 0 61 64
note 35832 35904 0 71 64
note 35832 35904 0 68 64
note 35832 35904 0 64 64
note 35904 35976 0 64 64
note 35976 36024 0 61 64
note 36024 36096 0 63 64
note 36024 36096 0 56 64
note 36024 36096 0 59 64
note 36168 36216 0 63 64
note 36216 36264 0 71 64
note 36216 36264 0 68 64
note 36216 36264 0 62 64
note 36264 36336 0 66 64
note 36336 36384 0 63 64
note 36384 36456 0 65 64
note 36456 36552 0 73 64
note 36456 36552 0 66 64
note 36456 36552 0 69 64
note 36600 36672 0 71 64
note 36672 36744 0 64 64
note 36744 36792 0 61 64
note 36792 36888 0 63 64
note 36792 36888 0 68 64
note 36792 36888 0 59 64
note 36888 36960 0 68 64
note 36888 36960 0 59 64
note 36888 36960 0 63 64
note 36960 37056 0 64 64
note 36960 37056 0 59 64
note 36960 37056 0 56 64
note 37152 37176 0 74 64
note 37176 37188 0 69 64
note 37200 37224 0 74 64
note 37224 37248 0 77 64
note 37248 37272 0 79 64
note 37272 37296 0 81 64
note 37296 37320 0 77 64
note 37320 37344 0 76 64
note 37344 37368 0 74 64
note 37368 37392 0 79 64
note 37392 37416 0 74 64
note 37416 37440 0 78 64
note 37440 37464 0 77 64
note 37464 37488 0 76 64
note 37488 37512 0 71 64
note 37512 37536 0 72 64
note 37536 37560 0 76 64
note 37560 37584 0 74 64
note 37584 37608 0 72 64
note 37608 37632 0 74 64
note 37632 37680 0 69 64
note 37824 37848 0 77 64
note 37848 37860 0 78 64
note 37872 37896 0 82 64
note 37896 37920 0 85 64
note 37944 37968 0 89 64
note 37968 37980 0 90 64
note 37980 37992 0 89 64
note 37992 38016 0 87 64
note 38040 38064 0 85 64
note 38064 38088 0 82 64
note 38088 38112 0 80 64
note 38112 38136 0 85 64
note 38160 38184 0 78 64
note 38184 38208 0 77 64
note 38208 38232 0 75 64
note 38232 38244 0 77 64
note 38244 38256 0 78 64
note 38256 38280 0 77 64
note 38280 38304 0 75 64
note 38304 38328 0 73 64
note 38352 38376 0 75 64
note 38376 38400 0 73 64
note 38400 38448 0 68 64
note 38448 38496 0 63 64
note 38544 38616 0 61 64
note 38544 38616 0 73 64
note 38544 38616 0 64 64
note 38544 38616 0 68 64
note 38616 38688 0 73 64
note 38616 38688 0 69 64
note 38616 38688 0 66 64
note 38616 38688 0 62 64
note 38688 39120 0 73 64
note 38688 39120 0 69 64
note 38688 39120 0 66 64
note 38688 39120 0 61 64
note 38688 39120 0 64 64
note 39192 39552 0 68 64
note 39192 39552 0 72 64
note 39192 39552 0 65 64
note 39192 39552 0 77 64
note 24 40 0 52 64
note 40 56 0 51 64
note 56 72 0 50 64
note 72 88 0 48 64
note 88 104 0 47 64
note 104 120 0 45 64
note 120 204 0 43 64
note 120 204 0 55 64
note 204 312 0 43 64
note 216 312 0 55 64
note 312 408 0 43 64
note 312 408 0 55 64
note 408 432 0 43 64
note 408 432 0 55 64
note 432 456 0 56 64
note 432 456 0 44 64
note 456 480 0 45 64
note 456 480 0 57 64
note 480 588 0 58 64
note 480 588 0 46 64
note 600 696 0 58 64
note 588 696 0 46 64
note 696 792 0 46 64
note 696 792 0 58 64
note 792 816 0 46 64
note 792 816 0 58 64
note 816 840 0 57 64
note 816 840 0 45 64
note 840 864 0 56 64
note 840 864 0 44 64
note 864 972 0 55 64
note 864 972 0 43 64
note 972 1080 0 43 64
note 984 1080 0 55 64
note 1080 1176 0 55 64
note 1080 1176 0 43 64
note 1176 1206 0 48 64
note 1206 1224 0 43 64
note 1224 1248 0 45 64
note 1248 1260 0 48 64
note 1296 1368 0 39 64
note 1296 1368 0 51 64
note 1368 1440 0 56 64
note 1368 1440 0 44 64
note 1440 1728 0 49 64
note 1440 1728 0 37 64
note 1848 1896 0 36 64
note 1896 1944 0 34 64
note 1944 1992 0 33 64
note 1992 2040 0 31 64
note 2040 2088 0 29 64
note 2088 2136 0 33 64
note 2136 2184 0 38 64
note 2184 2232 0 37 64
note 2232 2280 0 36 64
note 2280 2328 0 40 64
note 2328 2376 0 45 64
note 2376 2424 0 44 64
note 2424 2472 0 43 64
note 2472 2520 0 34 64
note 2520 2568 0 36 64
note 2568 2616 0 40 64
note 2616 2664 0 41 64
note 2664 2712 0 43 64
note 2712 2760 0 41 64
note 2760 2808 0 39 64
note 2808 2856 0 38 64
note 2856 2904 0 36 64
note 2904 2952 0 38 64
note 2952 3000 0 39 64
note 3000 3048 0 40 64
note 3048 3096 0 40 64
note 3096 3144 0 39 64
note 3144 3192 0 39 64
note 3192 3240 0 38 64
note 3240 3288 0 38 64
note 3288 3336 0 31 64
note 3336 3384 0 31 64
note 3384 3432 0 36 64
note 3432 3480 0 48 64
note 3480 3528 0 46 64
note 3528 3576 0 43 64
note 3576 3624 0 41 64
note 3624 3672 0 39 64
note 3672 3720 0 38 64
note 3720 3768 0 37 64
note 3768 3816 0 36 64
note 3816 3864 0 40 64
note 3864 3912 0 43 64
note 3912 3960 0 40 64
note 3960 4008 0 33 64
note 4008 4056 0 33 64
note 4056 4104 0 35 64
note 4104 4152 0 37 64
note 4152 4200 0 38 64
note 4200 4248 0 45 64
note 4248 4296 0 52 64
note 4296 4344 0 50 64
note 4344 4392 0 43 64
note 4392 4440 0 44 64
note 4440 4488 0 45 64
note 4488 4536 0 47 64
note 4536 4584 0 48 64
note 4584 4632 0 43 64
note 4632 4680 0 40 64
note 4680 4728 0 38 64
note 4728 4776 0 36 64
note 4800 4884 0 36 64
note 4872 4920 0 40 64
note 4920 4968 0 41 64
note 4992 5064 0 41 64
note 5064 5112 0 42 64
note 5112 5160 0 43 64
note 5184 5256 0 43 64
note 5256 5304 0 41 64
note 5304 5352 0 40 64
note 5376 5448 0 40 64
note 5448 5496 0 46 64
note 5496 5544 0 45 64
note 5544 5592 0 33 64
note 5592 5640 0 35 64
note 5640 5688 0 37 64
note 5832 5880 0 38 64
note 6000 6024 0 67 64
note 6024 6072 0 34 64
note 6072 6144 0 31 64
note 6144 6240 0 33 64
note 6240 6336 0 34 64
note 6336 6432 0 35 64
note 6480 6515 0 43 64
note 6480 6515 0 31 64
note 6515 6552 0 31 64
note 6515 6552 0 43 64
note 6552 6589 0 31 64
note 6552 6589 0 43 64
note 6589 6624 0 32 64
note 6589 6624 0 44 64
note 6624 6660 0 33 64
note 6624 6660 0 45 64
note 6660 6696 0 34 64
note 6660 6696 0 46 64
note 6840 6888 0 41 64
note 6888 6936 0 48 64
note 6936 6984 0 53 64
note 6984 7032 0 47 64
note 7032 7080 0 46 64
note 7080 7128 0 47 64
note 7128 7176 0 48 64
note 7176 7224 0 50 64
note 7224 7272 0 51 64
note 7272 7320 0 46 64
note 7320 7368 0 43 64
note 7368 7416 0 46 64
note 7416 7452 0 48 64
note 7452 7464 0 43 64
note 7464 7512 0 36 64
note 7512 7560 0 38 64
note 7560 7608 0 40 64
note 7608 7656 0 41 64
note 7656 7704 0 43 64
note 7704 7752 0 44 64
note 7752 7800 0 45 64
note 7800 7836 0 46 64
note 7836 7848 0 40 64
note 7848 7896 0 34 64
note 7896 7944 0 38 64
note 7944 7992 0 41 64
note 7992 8040 0 43 64
note 8040 8088 0 49 64
note 8088 8136 0 46 64
note 8136 8184 0 43 64
note 8184 8232 0 48 64
note 8232 8268 0 43 64
note 8268 8292 0 39 64
note 8304 8352 0 36 64
note 8352 8424 0 41 64
note 8424 8472 0 43 64
note 8472 8520 0 44 64
note 8520 8568 0 41 64
note 8568 8616 0 34 64
note 8616 8664 0 35 64
note 8664 8712 0 36 64
note 8712 8760 0 38 64
note 8760 8808 0 39 64
note 8808 8856 0 39 64
note 8856 8904 0 46 64
note 8904 8952 0 43 64
note 8952 9000 0 36 64
note 9000 9048 0 36 64
note 9048 9096 0 40 64
note 9096 9144 0 43 64
note 9144 9192 0 41 64
note 9192 9240 0 43 64
note 9240 9288 0 44 64
note 9288 9336 0 45 64
note 9336 9384 0 46 64
note 9384 9432 0 41 64
note 9432 9480 0 34 64
note 9480 9528 0 38 64
note 9528 9576 0 39 64
note 9576 9624 0 39 64
note 9624 9672 0 38 64
note 9672 9720 0 38 64
note 9720 9768 0 37 64
note 9768 9816 0 37 64
note 9852 9888 0 36 64
note 9888 9960 0 29 64
note 9960 10008 0 31 64
note 10008 10056 0 32 64
note 10056 10104 0 33 64
note 10104 10152 0 34 64
note 10152 10200 0 35 64
note 10200 10248 0 36 64
note 10248 10296 0 38 64
note 10296 10344 0 39 64
note 10344 10392 0 46 64
note 10392 10440 0 51 64
note 10440 10488 0 50 64
note 10488 10536 0 48 64
note 10536 10584 0 43 64
note 10584 10632 0 40 64
note 10632 10680 0 36 64
note 10680 10728 0 41 64
note 10728 10776 0 43 64
note 10776 10824 0 44 64
note 10824 10872 0 45 64
note 10872 10908 0 46 64
note 10908 10920 0 41 64
note 10920 10968 0 34 64
note 10968 11016 0 38 64
note 11016 11064 0 41 64
note 11064 11112 0 43 64
note 11112 11160 0 49 64
note 11160 11208 0 46 64
note 11208 11256 0 43 64
note 11256 11304 0 36 64
note 11304 11352 0 48 64
note 11388 11424 0 48 64
note 11424 11496 0 41 64
note 11496 11544 0 43 64
note 11544 11592 0 44 64
note 11592 11640 0 45 64
note 11640 11688 0 46 64
note 11688 11736 0 45 64
note 11736 11772 0 46 64
note 11772 11784 0 46 64
note 11784 11832 0 38 64
note 11832 11880 0 39 64
note 11880 11928 0 34 64
note 11928 11976 0 31 64
note 11976 12024 0 34 64
note 12024 12072 0 36 64
note 12072 12120 0 28 64
note 12120 12168 0 31 64
note 12168 12216 0 30 64
note 12216 12264 0 29 64
note 12264 12312 0 36 64
note 12312 12360 0 39 64
note 12360 12408 0 41 64
note 12408 12456 0 34 64
note 12456 12504 0 41 64
note 12504 12552 0 46 64
note 12552 12600 0 44 64
note 12600 12648 0 43 64
note 12648 12696 0 53 64
note 12696 12744 0 50 64
note 12744 12792 0 46 64
note 12792 12840 0 48 64
note 12840 12888 0 43 64
note 12888 12936 0 40 64
note 12936 12984 0 36 64
note 12984 13032 0 41 64
note 13032 13080 0 43 64
note 13080 13128 0 44 64
note 13128 13176 0 45 64
note 13176 13224 0 46 64
note 13224 13272 0 41 64
note 13272 13320 0 34 64
note 13320 13368 0 38 64
note 13392 13464 0 42 64
note 13392 13464 0 54 64
note 13464 13536 0 35 64
note 13464 13536 0 47 64
note 13536 13920 0 40 64
note 13536 13920 0 52 64
note 13944 13968 0 39 64
note 14016 14040 0 43 64
note 14064 14088 0 46 64
note 14088 14112 0 48 64
note 14112 14136 0 46 64
note 14136 14160 0 39 64
note 14208 14232 0 43 64
note 14256 14280 0 46 64
note 14280 14304 0 48 64
note 14304 14328 0 46 64
note 14328 14334 0 48 64
note 14334 14376 0 49 64
note 14376 14400 0 48 64
note 14400 14424 0 46 64
note 14448 14472 0 42 64
note 14472 14496 0 43 64
note 14496 14520 0 39 64
note 14712 14736 0 39 64
note 14784 14808 0 43 64
note 14832 14856 0 46 64
note 14856 14880 0 48 64
note 14880 14904 0 46 64
note 14904 14928 0 39 64
note 14976 15000 0 43 64
note 15024 15048 0 46 64
note 15048 15072 0 48 64
note 15072 15096 0 46 64
note 15096 15102 0 48 64
note 15102 15144 0 49 64
note 15144 15168 0 48 64
note 15168 15192 0 46 64
note 15216 15240 0 42 64
note 15240 15264 0 43 64
note 15264 15288 0 39 64
note 15480 15504 0 39 64
note 15552 15576 0 43 64
note 15600 15624 0 46 64
note 15624 15648 0 48 64
note 15648 15672 0 46 64
note 15672 15696 0 39 64
note 15744 15768 0 43 64
note 15792 15816 0 46 64
note 15816 15840 0 48 64
note 15840 15864 0 46 64
note 15864 15870 0 48 64
note 15870 15912 0 49 64
note 15912 15936 0 48 64
note 15936 15960 0 46 64
note 15984 16008 0 42 64
note 16008 16032 0 43 64
note 16032 16056 0 39 64
note 16248 16272 0 39 64
note 16320 16344 0 43 64
note 16368 16392 0 46 64
note 16392 16416 0 48 64
note 16416 16440 0 46 64
note 16440 16464 0 39 64
note 16512 16536 0 43 64
note 16560 16584 0 46 64
note 16584 16608 0 48 64
note 16608 16632 0 46 64
note 16632 16638 0 48 64
note 16638 16680 0 49 64
note 16680 16704 0 48 64
note 16704 16728 0 46 64
note 16752 16776 0 42 64
note 16776 16800 0 43 64
note 16800 16824 0 39 64
note 16848 16862 0 39 64
note 16862 16877 0 46 64
note 16877 16892 0 51 64
note 16892 16906 0 54 64
note 16920 16968 0 51 64
note 17016 17088 0 38 64
note 17016 17088 0 50 64
note 17088 17160 0 50 64
note 17088 17160 0 38 64
note 17160 17232 0 50 64
note 17160 17232 0 38 64
note 17232 17304 0 50 64
note 17232 17304 0 38 64
note 17304 17334 0 50 64
note 17304 17334 0 38 64
note 17334 17352 0 51 64
note 17334 17352 0 39 64
note 17352 17382 0 52 64
note 17352 17382 0 40 64
note 17382 17400 0 53 64
note 17382 17400 0 41 64
note 17400 17472 0 55 64
note 17400 17472 0 43 64
note 17472 17496 0 55 64
note 17472 17496 0 43 64
note 17496 17520 0 55 64
note 17496 17520 0 43 64
note 17520 17544 0 55 64
note 17520 17544 0 43 64
note 17568 17592 0 43 64
note 17568 17592 0 55 64
note 17616 17640 0 43 64
note 17616 17640 0 55 64
note 17640 17664 0 55 64
note 17640 17664 0 43 64
note 17784 17832 0 36 64
note 17832 17880 0 34 64
note 17880 17928 0 33 64
note 17928 17976 0 31 64
note 17976 18024 0 29 64
note 18024 18072 0 33 64
note 18072 18120 0 38 64
note 18120 18168 0 37 64
note 18168 18216 0 36 64
note 18216 18264 0 40 64
note 18264 18312 0 45 64
note 18312 18360 0 44 64
note 18360 18408 0 43 64
note 18408 18456 0 34 64
note 18456 18504 0 36 64
note 18504 18552 0 40 64
note 18552 18600 0 41 64
note 18600 18648 0 43 64
note 18648 18696 0 41 64
note 18696 18744 0 39 64
note 18744 18792 0 38 64
note 18792 18840 0 36 64
note 18840 18888 0 38 64
note 18888 18936 0 39 64
note 18936 18984 0 40 64
note 18984 19032 0 40 64
note 19032 19080 0 39 64
note 19080 19128 0 39 64
note 19128 19176 0 38 64
note 19176 19224 0 38 64
note 19224 19272 0 31 64
note 19272 19320 0 31 64
note 19320 19368 0 36 64
note 19368 19416 0 48 64
note 19416 19464 0 46 64
note 19464 19512 0 43 64
note 19512 19560 0 41 64
note 19560 19608 0 39 64
note 19608 19656 0 38 64
note 19656 19704 0 37 64
note 19704 19752 0 36 64
note 19752 19800 0 40 64
note 19800 19848 0 43 64
note 19848 19896 0 40 64
note 19896 19944 0 33 64
note 19944 19992 0 33 64
note 19992 20040 0 35 64
note 20040 20088 0 37 64
note 20088 20136 0 38 64
note 20136 20184 0 45 64
note 20184 20232 0 52 64
note 20232 20280 0 50 64
note 20280 20328 0 43 64
note 20328 20376 0 44 64
note 20376 20424 0 45 64
note 20424 20472 0 47 64
note 20472 20520 0 48 64
note 20520 20568 0 43 64
note 20568 20616 0 40 64
note 20616 20664 0 38 64
note 20664 20712 0 36 64
note 20736 20820 0 36 64
note 20808 20856 0 40 64
note 20856 20904 0 41 64
note 20928 21000 0 41 64
note 21000 21048 0 42 64
note 21048 21096 0 43 64
note 21120 21192 0 43 64
note 21192 21240 0 41 64
note 21240 21288 0 40 64
note 21312 21384 0 40 64
note 21384 21432 0 46 64
note 21432 21480 0 45 64
note 21480 21528 0 33 64
note 21528 21576 0 35 64
note 21576 21624 0 37 64
note 21768 21816 0 38 64
note 21936 21960 0 67 64
note 21960 22008 0 34 64
note 22008 22080 0 31 64
note 22080 22176 0 33 64
note 22176 22272 0 34 64
note 22272 22368 0 35 64
note 22416 22451 0 43 64
note 22416 22451 0 31 64
note 22451 22488 0 31 64
note 22451 22488 0 43 64
note 22488 22525 0 31 64
note 22488 22525 0 43 64
note 22525 22560 0 32 64
note 22525 22560 0 44 64
note 22560 22596 0 33 64
note 22560 22596 0 45 64
note 22596 22632 0 34 64
note 22596 22632 0 46 64
note 22776 22824 0 41 64
note 22824 22872 0 48 64
note 22872 22920 0 53 64
note 22920 22968 0 47 64
note 22968 23016 0 46 64
note 23016 23064 0 47 64
note 23064 23112 0 48 64
note 23112 23160 0 50 64
note 23160 23208 0 51 64
note 23208 23256 0 46 64
note 23256 23304 0 43 64
note 23304 23352 0 46 64
note 23352 23388 0 48 64
note 23388 23400 0 43 64
note 23400 23448 0 36 64
note 23448 23496 0 38 64
note 23496 23544 0 40 64
note 23544 23592 0 41 64
note 23592 23640 0 43 64
note 23640 23688 0 44 64
note 23688 23736 0 45 64
note 23736 23772 0 46 64
note 23772 23784 0 40 64
note 23784 23832 0 34 64
note 23832 23880 0 38 64
note 23880 23928 0 41 64
note 23928 23976 0 43 64
note 23976 24024 0 49 64
note 24024 24072 0 46 64
note 24072 24120 0 43 64
note 24120 24168 0 48 64
note 24168 24204 0 43 64
note 24204 24228 0 39 64
note 24240 24288 0 36 64
note 24288 24360 0 41 64
note 24360 24408 0 43 64
note 24408 24456 0 44 64
note 24456 24504 0 41 64
note 24504 24552 0 34 64
note 24552 24600 0 35 64
note 24600 24648 0 36 64
note 24648 24696 0 38 64
note 24696 24744 0 39 64
note 24744 24792 0 39 64
note 24792 24840 0 46 64
note 24840 24888 0 43 64
note 24888 24936 0 36 64
note 24936 24984 0 36 64
note 24984 25032 0 40 64
note 25032 25080 0 43 64
note 25080 25128 0 41 64
note 25128 25176 0 43 64
note 25176 25224 0 44 64
note 25224 25272 0 45 64
note 25272 25320 0 46 64
note 25320 25368 0 41 64
note 25368 25416 0 34 64
note 25416 25464 0 38 64
note 25464 25512 0 39 64
note 25512 25560 0 39 64
note 25560 25608 0 38 64
note 25608 25656 0 38 64
note 25656 25704 0 37 64
note 25704 25752 0 37 64
note 25788 25824 0 36 64
note 25824 25896 0 29 64
note 25896 25944 0 31 64
note 25944 25992 0 32 64
note 25992 26040 0 33 64
note 26040 26088 0 34 64
note 26088 26136 0 35 64
note 26136 26184 0 36 64
note 26184 26232 0 38 64
note 26232 26280 0 39 64
note 26280 26328 0 46 64
note 26328 26376 0 51 64
note 26376 26424 0 50 64
note 26424 26472 0 48 64
note 26472 26520 0 43 64
note 26520 26568 0 40 64
note 26568 26616 0 36 64
note 26616 26664 0 41 64
note 26664 26712 0 43 64
note 26712 26760 0 44 64
note 26760 26808 0 45 64
note 26808 26844 0 46 64
note 26844 26856 0 41 64
note 26856 26904 0 34 64
note 26904 26952 0 38 64
note 26952 27000 0 41 64
note 27000 27048 0 43 64
note 27048 27096 0 49 64
note 27096 27144 0 46 64
note 27144 27192 0 43 64
note 27192 27240 0 36 64
note 27240 27288 0 48 64
note 27324 27360 0 48 64
note 27360 27432 0 41 64
note 27432 27480 0 43 64
note 27480 27528 0 44 64
note 27528 27576 0 45 64
note 27576 27624 0 46 64
note 27624 27672 0 45 64
note 27672 27708 0 46 64
note 27708 27720 0 46 64
note 27720 27768 0 38 64
note 27768 27816 0 39 64
note 27816 27864 0 34 64
note 27864 27912 0 31 64
note 27912 27960 0 34 64
note 27960 28008 0 36 64
note 28008 28056 0 28 64
note 28056 28104 0 31 64
note 28104 28152 0 30 64
note 28152 28200 0 29 64
note 28200 28248 0 36 64
note 28248 28296 0 39 64
note 28296 28344 0 41 64
note 28344 28392 0 34 64
note 28392 28440 0 41 64
note 28440 28488 0 46 64
note 28488 28536 0 44 64
note 28536 28584 0 43 64
note 28584 28632 0 53 64
note 28632 28680 0 50 64
note 28680 28728 0 46 64
note 28728 28776 0 48 64
note 28776 28824 0 43 64
note 28824 28872 0 40 64
note 28872 28920 0 36 64
note 28920 28968 0 41 64
note 28968 29016 0 43 64
note 29016 29064 0 44 64
note 29064 29112 0 45 64
note 29112 29160 0 46 64
note 29160 29208 0 41 64
note 29208 29256 0 34 64
note 29256 29304 0 38 64
note 29304 29664 0 39 64
note 29664 29736 0 34 64
note 29664 29736 0 46 64
note 29736 29808 0 34 64
note 29736 29808 0 46 64
note 29808 29880 0 34 64
note 29808 29880 0 46 64
note 29880 29952 0 34 64
note 29880 29952 0 46 64
note 29952 30000 0 46 64
note 29952 30000 0 34 64
note 30000 30048 0 34 64
note 30000 30048 0 46 64
note 30048 30120 0 35 64
note 30048 30120 0 47 64
note 30120 30144 0 47 64
note 30120 30144 0 35 64
note 30144 30168 0 47 64
note 30144 30168 0 35 64
note 30168 30192 0 47 64
note 30168 30192 0 35 64
note 30216 30240 0 35 64
note 30216 30240 0 47 64
note 30264 30282 0 35 64
note 30282 30306 0 42 64
note 30306 30348 0 47 64
note 30348 30366 0 42 64
note 30366 30390 0 35 64
note 30456 30504 0 42 64
note 30504 30552 0 44 64
note 30552 30600 0 45 64
note 30600 30648 0 46 64
note 30648 30684 0 47 64
note 30684 30696 0 41 64
note 30696 30744 0 35 64
note 30744 30792 0 42 64
note 30792 30840 0 41 64
note 30840 30876 0 40 64
note 30876 30888 0 35 64
note 30888 30936 0 28 64
note 30936 30984 0 32 64
note 30984 31032 0 35 64
note 31032 31080 0 37 64
note 31080 31128 0 49 64
note 31128 31176 0 44 64
note 31176 31224 0 43 64
note 31224 31272 0 42 64
note 31272 31320 0 41 64
note 31320 31368 0 40 64
note 31368 31416 0 42 64
note 31416 31464 0 35 64
note 31464 31512 0 42 64
note 31512 31560 0 47 64
note 31560 31608 0 39 64
note 31608 31656 0 44 64
note 31656 31704 0 38 64
note 31704 31752 0 35 64
note 31752 31800 0 32 64
note 31800 31848 0 37 64
note 31848 31872 0 37 64
note 31920 31968 0 37 64
note 31968 32040 0 30 64
note 32040 32088 0 32 64
note 32088 32136 0 33 64
note 32136 32184 0 34 64
note 32184 32232 0 35 64
note 32232 32280 0 42 64
note 32280 32328 0 47 64
note 32328 32376 0 37 64
note 32376 32424 0 38 64
note 32424 32472 0 38 64
note 32472 32520 0 47 64
note 32520 32568 0 48 64
note 32568 32616 0 49 64
note 32616 32664 0 48 64
note 32664 32712 0 49 64
note 32712 32760 0 43 64
note 32760 32808 0 42 64
note 32808 32856 0 42 64
note 32856 32904 0 44 64
note 32904 32952 0 45 64
note 32952 33000 0 47 64
note 33000 33048 0 42 64
note 33048 33096 0 35 64
note 33096 33144 0 42 64
note 33144 33192 0 40 64
note 33192 33240 0 40 64
note 33240 33288 0 39 64
note 33288 33336 0 39 64
note 33336 33384 0 38 64
note 33384 33432 0 38 64
note 33456 33504 0 37 64
note 33504 33576 0 30 64
note 33576 33624 0 32 64
note 33624 33672 0 33 64
note 33672 33720 0 37 64
note 33720 33768 0 35 64
note 33768 33816 0 37 64
note 33816 33864 0 39 64
note 33864 33912 0 42 64
note 33912 33960 0 40 64
note 33960 34008 0 35 64
note 34008 34056 0 32 64
note 34056 34104 0 35 64
note 34104 34140 0 37 64
note 34140 34152 0 32 64
note 34152 34200 0 29 64
note 34200 34248 0 32 64
note 34248 34296 0 31 64
note 34296 34344 0 30 64
note 34344 34392 0 30 64
note 34392 34440 0 37 64
note 34440 34488 0 36 64
note 34488 34536 0 35 64
note 34536 34584 0 37 64
note 34584 34632 0 35 64
note 34632 34680 0 42 64
note 34680 34728 0 44 64
note 34728 34776 0 44 64
note 34776 34824 0 38 64
note 34824 34872 0 35 64
note 34872 34920 0 37 64
note 34920 34944 0 37 64
note 34992 35040 0 37 64
note 35040 35112 0 42 64
note 35112 35160 0 49 64
note 35160 35208 0 48 64
note 35208 35256 0 49 64
note 35256 35304 0 47 64
note 35304 35352 0 45 64
note 35352 35400 0 42 64
note 35400 35448 0 41 64
note 35448 35496 0 40 64
note 35496 35544 0 35 64
note 35544 35592 0 32 64
note 35592 35640 0 35 64
note 35640 35676 0 37 64
note 35676 35688 0 33 64
note 35688 35736 0 29 64
note 35736 35784 0 32 64
note 35784 35832 0 31 64
note 35832 35880 0 30 64
note 35880 35928 0 32 64
note 35928 35976 0 33 64
note 35976 36024 0 37 64
note 36024 36072 0 35 64
note 36072 36120 0 35 64
note 36120 36168 0 42 64
note 36168 36216 0 47 64
note 36216 36264 0 44 64
note 36264 36312 0 42 64
note 36312 36360 0 44 64
note 36360 36408 0 39 64
note 36408 36456 0 37 64
note 36456 36504 0 37 64
note 36504 36552 0 44 64
note 36552 36600 0 43 64
note 36600 36648 0 42 64
note 36648 36696 0 40 64
note 36696 36744 0 37 64
note 36744 36792 0 36 64
note 36792 36840 0 35 64
note 36840 36888 0 42 64
note 36888 36936 0 47 64
note 36936 36984 0 42 64
note 36984 37032 0 38 64
note 37032 37080 0 45 64
note 37080 37128 0 52 64
note 37128 37176 0 50 64
note 37176 37224 0 43 64
note 37224 37272 0 45 64
note 37272 37320 0 43 64
note 37320 37368 0 41 64
note 37368 37416 0 38 64
note 37416 37464 0 40 64
note 37464 37512 0 41 64
note 37512 37560 0 42 64
note 37560 37596 0 43 64
note 37596 37608 0 37 64
note 37608 37656 0 31 64
note 37656 37704 0 43 64
note 37704 37752 0 43 64
note 37752 37800 0 39 64
note 37800 37848 0 46 64
note 37848 37896 0 49 64
note 37896 37944 0 51 64
note 37944 37992 0 44 64
note 37992 38040 0 45 64
note 38040 38088 0 46 64
note 38088 38136 0 41 64
note 38136 38184 0 39 64
note 38184 38232 0 37 64
note 38232 38268 0 39 64
note 38268 38280 0 39 64
note 38280 38328 0 34 64
note 38328 38376 0 32 64
note 38376 38424 0 32 64
note 38424 38472 0 44 64
note 38472 38496 0 32 64
note 38544 38616 0 28 64
note 38544 38616 0 40 64
note 38616 38688 0 45 64
note 38616 38688 0 33 64
note 38688 39120 0 50 64
note 38688 39120 0 38 64
note 39192 39552 0 49 64
note 39192 39552 0 37 64
note 39552 39574 0 37 64
note 39552 39574 0 25 64
