tempo 1041
note 5105 5242 11 61 82
note 5102 5255 11 56 67
note 5267 5420 11 57 68
note 5267 5432 11 62 84
note 5587 5722 11 58 70
note 5582 5725 11 63 67
note 5747 8727 11 59 73
note 5750 8787 11 64 76
note 8950 9080 11 56 68
note 8947 9090 11 61 71
note 9110 9275 11 57 71
note 9112 9302 11 62 76
note 9427 9562 11 58 70
note 9425 9575 11 63 72
note 9587 12512 11 59 79
note 9587 12527 11 64 74
note 12787 12927 11 61 78
note 12787 12932 11 56 67
note 12947 13107 11 57 68
note 12945 13137 11 62 70
note 13262 13395 11 58 66
note 13265 13415 11 63 70
note 13427 16457 11 59 72
note 13427 16475 11 64 78
note 16622 16795 11 63 74
note 16625 16795 11 58 67
note 16792 16935 11 57 74
note 16787 16955 11 62 73
note 17102 17252 11 56 57
note 17105 17262 11 61 60
note 17272 20282 11 55 77
note 17270 20302 11 60 80
note 20462 20622 11 56 72
note 20467 20622 11 61 65
note 20630 20815 11 57 70
note 20630 20830 11 62 75
note 20942 21075 11 63 84
note 20945 21095 11 58 61
note 21112 24050 11 64 77
note 21112 24067 11 59 77
note 24300 24435 11 57 94
note 24305 24485 11 62 85
note 24470 24675 11 58 79
note 24470 24697 11 63 70
note 24785 24937 11 59 77
note 24785 24982 11 64 71
note 24952 27885 11 60 90
note 24950 27930 11 65 90
note 28142 28262 11 61 71
note 28145 28305 11 56 78
note 28310 28442 11 57 80
note 28310 28517 11 62 70
note 28622 28762 11 63 73
note 28625 28765 11 58 65
note 28790 31780 11 59 80
note 28790 31797 11 64 76
note 31982 32120 11 58 73
note 31985 32142 11 63 65
note 32150 32302 11 57 78
note 32152 32322 11 62 78
note 32460 32607 11 56 63
note 32465 32620 11 61 58
note 32622 35572 11 55 77
note 32630 35635 11 60 80
note 35825 35960 11 61 67
note 35825 35970 11 56 77
note 35985 36130 11 57 79
note 35982 36202 11 62 66
note 36300 36435 11 58 70
note 36305 36450 11 63 70
note 36470 36707 11 59 84
note 36470 36810 11 64 79
note 40315 44102 11 59 80
note 40312 44112 11 64 73
note 104940 105070 11 61 77
note 104945 105085 11 56 67
note 105102 105245 11 57 75
note 105100 105250 11 62 76
note 105425 105552 11 58 59
note 105425 105557 11 63 84
note 105592 108532 11 64 76
note 105582 108665 11 59 72
note 108785 108917 11 61 70
note 108792 108950 11 56 79
note 108955 109117 11 57 76
note 108950 109125 11 62 70
note 109265 109407 11 63 74
note 109262 109412 11 58 67
note 109422 112477 11 64 73
note 109427 112487 11 59 73
note 112627 112775 11 58 82
note 112625 112790 11 63 78
note 112795 112940 11 62 76
note 112795 112972 11 57 73
note 113110 113250 11 56 67
note 113110 113252 11 61 67
note 113277 116262 11 60 73
note 113270 116292 11 55 77
note 116465 116602 11 61 66
note 116465 116612 11 56 82
note 116625 116780 11 57 74
note 116627 116787 11 62 71
note 116945 117075 11 58 67
note 116945 117090 11 63 66
note 117112 120182 11 59 77
note 117112 120190 11 64 73
note 120300 120460 11 57 85
note 120305 120482 11 62 83
note 120467 120625 11 58 70
note 120470 120655 11 63 75
note 120780 120925 11 59 78
note 120780 120950 11 64 70
note 120955 123890 11 65 88
note 120950 124000 11 60 88
note 124145 124262 11 56 72
note 124150 124285 11 61 67
note 124307 124477 11 62 71
note 124302 124485 11 57 73
note 124627 124770 11 58 63
note 124627 124770 11 63 72
note 124792 127817 11 64 79
note 124790 127927 11 59 81
note 127990 128122 11 58 85
note 127990 128137 11 63 84
note 128145 128287 11 57 78
note 128152 128295 11 62 76
note 128467 128610 11 56 64
note 128465 128622 11 61 63
note 128635 131665 11 60 84
note 128632 131670 11 55 81
note 131825 131957 11 56 77
note 131827 131972 11 61 67
note 131997 132180 11 62 76
note 131992 132200 11 57 72
note 132257 132410 11 63 62
note 132305 132425 11 58 68
note 132465 132700 11 64 77
note 132467 132720 11 59 84
note 136317 137462 11 64 79
note 136312 137557 11 59 84
note 137585 137735 11 58 82
note 137587 137740 11 63 67
note 137752 137887 11 62 70
note 137752 137910 11 57 73
note 138060 138192 11 61 54
note 138065 138210 11 56 61
note 138230 139357 11 60 65
note 138225 139387 11 55 78
note 139507 139635 11 56 81
note 139512 139637 11 61 67
note 139675 139812 11 62 64
note 139677 139830 11 57 70
note 139987 140110 11 63 67
note 139990 140117 11 58 66
note 140152 143400 11 64 72
note 140157 143400 11 59 80
note 5110 5225 32 37 85
note 5262 5442 32 38 77
note 5590 5730 32 39 61
note 5747 6245 32 40 88
note 6722 7210 32 35 77
note 7675 8260 32 28 70
note 8957 9095 32 37 77
note 9110 9267 32 38 73
note 9425 9560 32 39 70
note 9585 10080 32 40 83
note 10555 11097 32 35 73
note 11517 12060 32 28 77
note 12797 12925 32 37 67
note 12947 13130 32 38 69
note 13270 13397 32 39 71
note 13435 13980 32 40 80
note 14402 14925 32 35 75
note 15355 15885 32 28 84
note 16630 16797 32 39 78
note 16792 16970 32 38 71
note 17110 17255 32 37 72
note 17277 17817 32 36 75
note 18230 18737 32 31 72
note 19195 19705 32 24 83
note 20485 20617 32 37 67
note 20632 20787 32 38 80
note 20955 21075 32 39 78
note 21110 21597 32 40 81
note 22075 22545 32 35 77
note 23045 23535 32 28 78
note 24322 24485 32 38 85
note 24485 24640 32 39 82
note 24787 24927 32 40 80
note 24960 25497 32 41 102
note 25917 26417 32 36 76
note 26877 27482 32 29 73
note 28170 28297 32 37 81
note 28325 28507 32 38 73
note 28627 28767 32 39 64
note 28795 29317 32 40 90
note 29752 30292 32 35 75
note 30722 31202 32 28 84
note 31995 32125 32 39 85
note 32152 32312 32 38 81
note 32482 32615 32 37 78
note 32647 33200 32 36 79
note 33607 34142 32 31 80
note 34565 35030 32 24 75
note 35845 35975 32 37 84
note 36000 36155 32 38 76
note 36317 36430 32 39 72
note 36475 36807 32 40 90
note 40320 40627 32 40 70
note 40790 41217 32 34 58
note 41260 41690 32 35 67
note 41747 42182 32 45 73
note 42235 42592 32 43 65
note 42712 43087 32 35 70
note 43182 43537 32 40 67
note 43672 44025 32 39 72
note 44162 44502 32 31 80
note 44640 45000 32 33 73
note 45102 45542 32 34 62
note 45597 45990 32 38 71
note 46087 46430 32 45 76
note 46572 46962 32 43 70
note 47037 47460 32 38 74
note 47517 47962 32 31 70
note 48005 48280 32 39 67
note 48470 48880 32 31 70
note 48945 49392 32 34 65
note 49435 49820 32 39 71
note 49917 50187 32 39 75
note 50392 50790 32 45 75
note 50877 51330 32 43 65
note 51355 51680 32 38 78
note 51675 51830 32 26 66
note 51835 52250 32 31 83
note 52317 52735 32 33 85
note 52790 53237 32 34 63
note 53265 53690 32 36 70
note 53745 54240 32 37 70
note 54225 54660 32 31 74
note 54705 54925 32 34 72
note 55022 55210 32 38 83
note 55185 55467 32 39 66
note 55500 56120 32 44 67
note 56150 56470 32 44 64
note 56632 56947 32 42 67
note 57115 57372 32 39 70
note 57607 58022 32 36 66
note 58072 58505 32 41 76
note 58557 58995 32 39 62
note 59027 59387 32 36 73
note 59355 59450 32 26 80
note 59505 59887 32 31 84
note 59982 60292 32 33 80
note 60312 60412 32 26 72
note 60465 60892 32 34 66
note 60970 61377 32 38 77
note 61450 61917 32 43 74
note 61930 62392 32 45 80
note 62407 62902 32 50 73
note 62887 63255 32 46 70
note 63352 63837 32 39 65
note 63840 64290 32 43 74
note 64315 64745 32 46 75
note 64792 65205 32 45 73
note 65282 65742 32 39 78
note 65762 66200 32 46 78
note 66237 66697 32 43 73
note 66717 67067 32 39 70
note 67197 67887 32 43 80
note 67995 68132 32 34 70
note 68147 68415 32 36 76
note 68462 68637 32 33 64
note 68625 69042 32 34 67
note 69122 69607 32 27 75
note 69605 70037 32 34 67
note 70077 70550 32 33 85
note 70562 70937 32 26 85
note 71060 71472 32 31 75
note 71525 71935 32 33 84
note 71995 72442 32 34 70
note 72477 72845 32 36 85
note 72965 73397 32 38 70
note 73442 73900 32 36 73
note 73910 74047 32 34 65
note 74390 74767 32 31 87
note 74887 75407 32 28 85
note 75372 75812 32 30 74
note 75840 76307 32 31 81
note 76315 76790 32 33 71
note 76790 77265 32 35 78
note 77277 77770 32 28 70
note 77757 78250 32 31 75
note 78245 78670 32 34 80
note 78725 79162 32 36 77
note 79192 79647 32 38 78
note 79685 80120 32 39 77
note 80162 80625 32 41 86
note 80645 81065 32 39 75
note 81107 81580 32 38 74
note 81590 81897 32 36 73
note 81905 81997 32 34 64
note 82065 82532 32 36 80
note 82552 83047 32 28 79
note 83025 83502 32 30 79
note 83515 84002 32 31 70
note 83995 84485 32 33 80
note 84480 84940 32 35 76
note 84960 85420 32 47 80
note 85440 85910 32 43 75
note 85922 86280 32 40 74
note 86392 86845 32 36 79
note 86870 87335 32 38 81
note 87355 87832 32 41 74
note 87832 88332 32 38 78
note 88312 88805 32 36 73
note 88797 89257 32 38 78
note 89267 89777 32 45 71
note 89762 90165 32 47 72
note 90232 90682 32 28 75
note 90705 91177 32 30 71
note 91187 91685 32 35 80
note 91670 92175 32 40 85
note 92157 92620 32 43 56
note 92627 93112 32 45 80
note 93117 93607 32 47 85
note 93597 93930 32 52 83
note 93912 94045 32 35 69
note 94082 94527 32 36 79
note 94542 95007 32 38 76
note 95030 95485 32 41 81
note 95522 96007 32 36 70
note 96002 96517 32 43 78
note 96485 96845 32 36 72
note 96957 97345 32 36 71
note 97430 97755 32 36 73
note 97760 97865 32 31 79
note 97920 98405 32 28 79
note 98395 98870 32 30 67
note 98877 99340 32 31 78
note 99357 99820 32 35 68
note 99842 100215 32 36 74
note 100310 100767 32 33 76
note 100795 101245 32 31 70
note 101270 101585 32 28 78
note 101592 101742 32 26 58
note 101760 102220 32 28 88
note 102237 102680 32 47 78
note 102722 103185 32 43 77
note 103212 103642 32 34 67
note 103675 104147 32 35 73
note 104165 104602 32 47 80
note 104632 104960 32 40 80
note 104947 105105 32 37 59
note 105107 105292 32 38 73
note 105435 105550 32 39 67
note 105595 106020 32 40 79
note 106570 106990 32 35 78
note 107510 107922 32 28 68
note 108802 108932 32 37 61
note 108962 109122 32 38 72
note 109282 109402 32 39 61
note 109440 109815 32 40 80
note 110402 110845 32 35 73
note 111352 111720 32 28 66
note 112630 112740 32 39 84
note 112792 112975 32 38 68
note 113107 113255 32 37 52
note 113277 113710 32 36 81
note 114242 114692 32 31 75
note 115187 115645 32 24 86
note 116470 116592 32 37 79
note 116625 116802 32 38 70
note 116947 117070 32 39 61
note 117107 117625 32 40 83
note 118082 118587 32 35 77
note 119047 119472 32 28 77
note 120312 120472 32 38 84
note 120477 120680 32 39 67
note 120805 120910 32 40 76
note 120972 121457 32 41 90
note 121925 122442 32 36 80
note 122877 123295 32 29 80
note 124162 124302 32 37 78
note 124322 124467 32 38 77
note 124642 124755 32 39 60
note 124802 125285 32 40 81
note 125767 126225 32 35 78
note 126715 127155 32 28 80
note 127987 128150 32 39 74
note 128162 128322 32 38 81
note 128470 128605 32 37 50
note 128635 129205 32 36 77
note 129592 130082 32 31 84
note 130562 131015 32 24 81
note 131830 131960 32 37 81
note 131987 132200 32 38 76
note 132315 132440 32 39 74
note 132477 132822 32 40 85
note 136320 136677 32 40 80
note 137590 137712 32 39 82
note 137747 137952 32 38 70
note 138067 138212 32 37 47
note 138232 138607 32 36 80
note 139510 139650 32 37 72
note 139667 139820 32 38 73
note 139995 140112 32 39 73
note 140152 140560 32 40 80
note 141115 141550 32 35 80
note 142072 143840 32 28 83
note 1940 5015 0 82 102
note 1945 5020 0 88 102
note 1940 5025 0 81 102
note 5115 5267 0 37 65
note 5275 5420 0 38 73
note 5592 5737 0 39 68
note 5752 8802 0 40 76
note 8942 9100 0 37 74
note 9100 9280 0 38 71
note 9425 9580 0 39 62
note 9580 12582 0 40 72
note 12790 12930 0 37 69
note 12950 13135 0 38 80
note 13270 13402 0 39 68
note 13432 16530 0 40 77
note 16625 16785 0 39 69
note 16780 16940 0 38 76
note 17105 17272 0 37 66
note 17260 20420 0 36 78
note 20472 20597 0 37 85
note 20625 20837 0 38 72
note 20940 21075 0 39 71
note 21105 24125 0 40 81
note 24300 24467 0 38 80
note 24470 24707 0 39 82
note 24780 24957 0 40 75
note 24942 27945 0 41 83
note 28145 28252 0 37 92
note 28320 28490 0 38 68
note 28625 28742 0 39 74
note 28787 31785 0 40 77
note 31982 32117 0 39 88
note 32147 32330 0 38 72
note 32462 32617 0 37 67
note 32630 35805 0 36 78
note 35830 35960 0 37 89
note 35985 36170 0 38 75
note 36305 36430 0 39 73
note 36460 36730 0 40 77
note 104947 105072 0 37 74
note 105120 105307 0 38 77
note 105425 105552 0 39 72
note 105582 108577 0 40 72
note 108780 108915 0 37 74
note 108940 109110 0 38 69
note 109262 109390 0 39 70
note 109440 112467 0 40 82
note 112622 112765 0 39 79
note 112800 112997 0 38 73
note 113102 113242 0 37 68
note 113280 116437 0 36 79
note 116462 116597 0 37 85
note 116640 116865 0 38 71
note 116945 117090 0 39 75
note 117120 120085 0 40 76
note 120302 120467 0 38 83
note 120467 120625 0 39 74
note 120782 120932 0 40 72
note 120960 123942 0 41 84
note 124150 124257 0 37 74
note 124320 124515 0 38 69
note 124622 124752 0 39 77
note 124790 127805 0 40 82
note 127982 128107 0 39 78
note 128140 128302 0 38 80
note 128465 128617 0 37 61
note 128620 131695 0 36 80
note 131827 131972 0 37 66
note 131987 132160 0 38 80
note 132305 132450 0 39 57
note 132470 132785 0 40 73
note 136320 137507 0 40 79
note 137582 137732 0 39 66
note 137750 137902 0 38 71
note 138062 138205 0 37 60
note 138225 139425 0 36 75
note 139502 139637 0 37 69
note 139672 139815 0 38 80
note 139985 140115 0 39 64
note 140147 143497 0 40 80
note 44162 44410 56 66 119
note 44160 44492 56 63 73
note 44475 45040 56 64 85
note 44457 45212 56 67 120
note 46062 46382 56 69 117
note 46057 46387 56 66 82
note 46390 47212 56 70 127
note 46392 47252 56 67 83
note 47305 47480 56 69 85
note 47340 47527 56 73 101
note 47542 47760 56 74 100
note 47477 47782 56 70 104
note 47800 49185 56 63 99
note 47832 49275 56 77 102
note 49245 49435 56 75 87
note 49215 49437 56 69 85
note 49402 49667 56 70 93
note 49410 49710 56 73 91
note 49742 50552 56 70 123
note 51677 51820 56 67 100
note 51787 51932 56 70 91
note 51912 52062 56 72 100
note 51997 52087 56 70 95
note 52107 52215 56 67 99
note 52212 52322 56 68 97
note 52302 52567 56 69 100
note 52595 52687 56 67 106
note 53602 53725 56 70 116
note 53720 53862 56 73 109
note 53857 53995 56 75 100
note 53962 54087 56 73 103
note 54095 54240 56 70 109
note 54217 54302 56 71 95
note 54277 54560 56 72 108
note 54562 55120 56 70 102
note 55170 55480 56 67 100
note 55500 58997 56 65 108
note 55502 59010 56 62 80
note 59000 59280 56 66 107
note 58975 59317 56 63 77
note 59315 60000 56 67 110
note 59312 60170 56 64 86
note 60750 60880 56 67 95
note 60920 61057 56 70 104
note 61255 61345 56 72 110
note 61440 61545 56 73 104
note 61760 61855 56 73 95
note 61920 62060 56 73 110
note 62060 62207 56 72 98
note 62207 62405 56 70 104
note 62405 62732 56 67 106
note 62740 62847 56 70 127
note 63187 63347 56 67 97
note 63347 63642 56 70 101
note 63642 63945 56 72 108
note 63945 64292 56 73 93
note 64292 64615 56 73 107
note 64615 64912 56 72 102
note 64912 65252 56 70 97
note 65252 66672 56 67 97
note 66695 67012 56 65 108
note 67030 67500 56 62 114
note 67470 67500 56 61 88
note 67500 67530 56 60 84
note 67530 67560 56 59 80
note 67560 67590 56 58 76
note 67590 67620 56 57 72
note 67620 67650 56 56 68
note 67650 67680 56 55 64
note 67680 67710 56 54 60
note 67710 67740 56 53 56
note 67740 67770 56 52 52
note 67770 67800 56 51 48
note 67800 67830 56 50 44
note 67830 67860 56 49 40
note 67860 67890 56 48 36
note 67890 67920 56 47 32
note 67920 67950 56 41 28
note 69117 69257 56 67 108
note 69245 69320 56 70 127
note 69577 70007 56 70 127
note 70037 70137 56 66 104
note 70167 70275 56 69 106
note 70505 70965 56 69 122
note 70987 71340 56 67 114
note 71310 71340 56 66 88
note 71340 71370 56 65 84
note 71370 71400 56 64 80
note 71400 71430 56 63 76
note 71430 71460 56 62 72
note 71460 71490 56 61 68
note 71490 71520 56 60 64
note 71520 71550 56 59 60
note 71550 71580 56 58 56
note 71580 71610 56 57 52
note 71610 71640 56 56 48
note 71640 71670 56 55 44
note 71670 71700 56 54 40
note 71700 71730 56 53 36
note 71730 71760 56 52 32
note 71760 71790 56 46 28
note 74392 74565 56 88 127
note 74422 74567 56 76 123
note 74375 74592 56 71 104
note 74892 76020 56 91 127
note 76020 76080 56 90 94
note 76080 76140 56 89 93
note 76140 76200 56 88 93
note 76200 76260 56 87 92
note 76260 76320 56 86 91
note 74880 76332 56 76 109
note 76320 76380 56 85 91
note 76380 76440 56 84 90
note 74887 76500 56 79 116
note 76440 76500 56 83 89
note 76500 76560 56 82 88
note 76560 76620 56 81 88
note 76620 76680 56 80 87
note 76680 76740 56 79 86
note 76740 76800 56 78 86
note 76800 76860 56 77 85
note 76860 76920 56 76 84
note 76920 76980 56 75 84
note 76980 77040 56 74 83
note 77040 77100 56 73 82
note 77100 77160 56 72 81
note 77160 77220 56 71 81
note 77220 77280 56 70 80
note 77280 77340 56 69 79
note 77340 77400 56 68 79
note 77400 77460 56 67 78
note 77460 77520 56 66 77
note 77520 77580 56 65 76
note 77580 77640 56 64 76
note 77640 77700 56 63 75
note 77700 77760 56 62 74
note 77760 77820 56 61 74
note 77820 77880 56 60 73
note 77880 77940 56 59 72
note 77940 78000 56 58 72
note 78000 78060 56 57 71
note 78060 78120 56 56 70
note 78120 78180 56 55 69
note 78180 78240 56 54 69
note 78240 78300 56 53 68
note 78300 78360 56 52 67
note 78360 78420 56 51 67
note 78420 78480 56 50 66
note 78480 78540 56 49 65
note 78540 78600 56 48 65
note 78600 78660 56 47 64
note 78660 78720 56 46 63
note 78720 78780 56 45 62
note 78780 78840 56 44 62
note 78840 78900 56 43 61
note 121472 121987 56 72 110
note 121902 122087 56 69 38
note 122037 122195 56 67 63
note 122142 122295 56 65 61
note 122247 122390 56 63 66
note 122350 122472 56 62 66
note 122440 122547 56 61 68
note 122520 122622 56 60 69
note 122595 122700 56 59 72
note 122670 122782 56 58 68
note 122752 122862 56 57 65
note 122850 122932 56 56 49
note 143610 143895 56 78 110
note 143882 144015 56 77 61
note 143895 144127 56 76 81
note 144055 144222 56 74 36
note 144152 144295 56 72 42
note 144245 144352 56 71 49
note 144317 144407 56 69 65
note 144370 144462 56 67 70
note 144425 144517 56 65 73
note 144482 144570 56 64 70
note 144542 144627 56 62 80
note 144600 144692 56 60 79
note 144665 144755 56 59 78
note 144730 144812 56 57 76
note 144785 144870 56 55 73
note 144845 144930 56 53 73
note 144905 144980 56 52 73
note 144965 145017 56 50 65
note 35807 35985 57 61 109
note 35977 36140 57 62 109
note 36312 36470 57 63 115
note 36492 36662 57 64 113
note 44142 44430 57 42 104
note 44150 44447 57 63 77
note 44480 44637 57 43 110
note 44472 45262 57 64 88
note 46070 46340 57 42 99
note 46385 47340 57 43 106
note 47347 47510 57 42 95
note 47520 47822 57 41 94
note 47847 49200 57 39 110
note 49237 49382 57 41 104
note 49410 49680 57 42 84
note 49727 50340 57 43 94
note 51682 51830 57 40 84
note 51825 51962 57 43 71
note 51962 52082 57 45 76
note 52025 52135 57 43 57
note 52167 52270 57 40 64
note 52235 52327 57 41 84
note 52272 52600 57 42 95
note 52605 52790 57 38 102
note 53570 53717 57 40 85
note 53717 53855 57 43 78
note 53860 54010 57 45 84
note 53965 54085 57 43 69
note 54092 54237 57 40 72
note 54197 54305 57 41 80
note 54232 54532 57 42 97
note 54527 55107 57 40 86
note 55137 55485 57 43 95
note 55465 58892 57 44 89
note 58995 59287 57 44 99
note 59307 59982 57 43 104
note 60747 60882 57 38 92
note 60905 61082 57 43 90
note 61222 61332 57 45 102
note 61395 61547 57 46 99
note 61710 61887 57 46 97
note 61887 62047 57 46 107
note 62045 62240 57 45 91
note 62212 62370 57 43 79
note 62370 62680 57 38 91
note 62687 62837 57 43 98
note 63160 63350 57 38 97
note 63350 63667 57 43 90
note 63667 63970 57 45 98
note 63970 64290 57 46 84
note 64290 64615 57 46 104
note 64615 64940 57 45 97
note 64932 65240 57 43 97
note 65240 66685 57 41 97
note 66685 66970 57 53 102
note 66977 67410 57 50 98
note 67380 67410 57 49 93
note 67410 67440 57 48 88
note 67440 67470 57 47 83
note 67470 67500 57 46 78
note 67500 67530 57 45 73
note 67530 67560 57 44 67
note 67560 67590 57 43 62
note 67590 67620 57 42 57
note 67620 67650 57 41 52
note 67650 67680 57 40 46
note 67680 67710 57 39 41
note 67710 67740 57 38 36
note 67740 67770 57 37 31
note 67770 67800 57 36 26
note 67800 67830 57 35 20
note 69092 69205 57 39 110
note 69220 69330 57 46 97
note 69580 69995 57 46 101
note 70045 70192 57 38 91
note 70185 70332 57 45 110
note 70517 70960 57 38 108
note 70982 71580 57 43 122
note 71580 71610 57 42 93
note 71610 71640 57 41 88
note 71640 71670 57 40 83
note 71670 71700 57 39 78
note 71700 71730 57 38 73
note 71730 71760 57 37 67
note 71760 71790 57 36 62
note 71790 71820 57 35 57
note 71820 71850 57 34 52
note 71850 71880 57 33 46
note 71880 71910 57 32 41
note 71910 71940 57 31 36
note 71940 71970 57 30 31
note 71970 72000 57 29 26
note 72000 72030 57 28 20
note 121450 121972 57 51 117
note 121910 122065 57 50 35
note 122012 122152 57 48 61
note 122105 122235 57 46 60
note 122190 122310 57 45 71
note 122267 122382 57 43 68
note 122340 122455 57 41 68
note 122415 122522 57 39 72
note 122490 122590 57 38 68
note 122560 122660 57 36 71
note 122627 122740 57 34 70
note 122715 122822 57 33 61
note 122797 122892 57 31 61
note 131812 131970 57 61 121
note 132000 132130 57 62 125
note 132312 132467 57 63 121
note 132472 132665 57 64 127
note 143580 144275 57 59 127
note 144250 144355 57 57 60
note 144320 144437 57 55 66
note 144402 144520 57 53 62
note 144487 144592 57 52 65
note 144567 144667 57 50 68
note 144642 144737 57 48 67
note 144715 144815 57 47 74
note 144792 144885 57 45 70
note 144860 144952 57 43 69
note 144935 145020 57 41 76
note 145002 145087 57 40 72
note 145080 145165 57 38 74
note 145147 145277 57 36 63
note 35812 36047 60 61 105
note 35962 36120 60 62 97
note 36297 36470 60 63 117
note 36485 36620 60 64 113
note 46090 46370 60 66 73
note 46392 47395 60 67 77
note 47372 47580 60 69 89
note 47555 47832 60 70 77
note 47850 49207 60 73 89
note 49210 49410 60 72 57
note 49412 49665 60 70 85
note 49692 50160 60 67 76
note 50100 50160 60 66 72
note 50160 50197 60 65 65
note 50190 50220 60 64 61
note 50220 50280 60 63 57
note 50287 50340 60 62 49
note 50347 50400 60 61 42
note 50417 50460 60 60 33
note 50460 50520 60 59 28
note 50535 50610 60 57 19
note 51642 51742 60 64 127
note 51782 51895 60 67 127
note 51882 51995 60 69 127
note 51970 52067 60 67 119
note 52037 52120 60 66 127
note 52125 52222 60 64 127
note 52247 52552 60 66 127
note 52577 52735 60 64 127
note 53557 53680 60 67 69
note 53717 53850 60 70 89
note 53845 53950 60 72 69
note 53920 54010 60 70 85
note 53995 54077 60 69 77
note 54062 54145 60 67 89
note 54170 54497 60 69 105
note 54510 54930 60 67 101
note 56117 56197 60 61 56
note 56172 56502 60 62 77
note 56582 56702 60 61 48
note 56627 57015 60 62 72
note 57065 57167 60 61 56
note 57095 57540 60 62 67
note 57545 57632 60 61 69
note 57602 57717 60 62 72
note 57680 57780 60 65 67
note 58042 58520 60 65 73
note 58502 58647 60 62 67
note 58640 58752 60 60 79
note 58777 58925 60 58 61
note 60795 60930 60 58 74
note 60792 60967 60 55 81
note 60792 61002 60 64 72
note 60960 61082 60 58 86
note 60962 61082 60 67 78
note 60940 61087 60 64 82
note 61240 61400 60 69 76
note 61235 61417 60 60 81
note 61260 61437 60 66 78
note 61427 61555 60 70 72
note 61427 61562 60 67 82
note 61430 61565 60 61 72
note 61737 61820 60 70 81
note 61725 61830 60 61 79
note 61750 61835 60 67 82
note 61902 62052 60 70 76
note 61895 62070 60 61 77
note 61915 62077 60 67 79
note 62070 62195 60 66 70
note 62075 62202 60 60 82
note 62055 62222 60 69 72
note 62207 62360 60 64 76
note 62207 62367 60 58 81
note 62215 62380 60 67 76
note 62397 62660 60 64 77
note 62382 62692 60 58 87
note 62382 62710 60 55 77
note 62700 62822 60 67 84
note 62710 62837 60 64 85
note 62727 62872 60 58 104
note 63190 63292 60 58 79
note 63127 63342 60 55 82
note 63167 63397 60 64 75
note 63345 63522 60 64 76
note 63385 63637 60 67 74
note 63345 63647 60 58 80
note 63657 63950 60 66 78
note 63672 63957 60 69 74
note 63660 63960 60 60 80
note 63980 64155 60 67 83
note 64002 64175 60 70 83
note 63985 64190 60 61 71
note 64295 64575 60 70 78
note 64287 64582 60 67 83
note 64295 64610 60 61 76
note 64622 64907 60 69 82
note 64610 64917 60 66 73
note 64617 64940 60 60 77
note 64930 65100 60 64 78
note 64942 65110 60 67 74
note 64932 65265 60 58 70
note 65247 66700 60 67 74
note 65272 66700 60 55 76
note 65260 66737 60 64 78
note 66687 67005 60 65 80
note 66712 67015 60 53 80
note 66702 67040 60 62 78
note 67027 67282 60 58 87
note 67015 67327 60 62 81
note 67315 67365 60 55 76
note 67350 67392 60 53 80
note 67010 67410 60 50 82
note 67380 67417 60 52 77
note 67412 67427 60 50 83
note 67402 67465 60 48 35
note 67435 67512 60 47 47
note 67490 67547 60 45 37
note 67530 67570 60 43 43
note 67630 67650 60 38 64
note 67657 67667 60 36 54
note 69122 69222 60 58 103
note 69120 69232 60 62 92
note 69240 69352 60 62 82
note 69252 69370 60 65 81
note 69562 70037 60 65 82
note 69567 70065 60 62 92
note 70060 70145 60 57 76
note 70070 70160 60 60 81
note 70177 70277 60 60 80
note 70187 70277 60 64 78
note 70520 70952 60 60 89
note 70507 71057 60 64 75
note 71037 71272 60 62 78
note 71315 71327 60 60 68
note 71375 71397 60 57 77
note 71340 71400 60 59 32
note 71400 71420 60 55 69
note 71437 71452 60 53 60
note 71520 71580 60 52 32
note 74382 74562 60 64 127
note 74362 74590 60 62 123
note 74855 76800 60 67 125
note 74867 76800 60 64 121
note 131800 132035 60 61 125
note 131987 132115 60 62 127
note 132292 132455 60 63 125
note 132455 132677 60 64 127
note 44115 44480 64 63 66
note 44482 45212 64 64 84
note 46070 46357 64 66 67
note 46385 47307 64 67 80
note 47325 47502 64 66 65
note 47505 47805 64 64 72
note 47805 49305 64 65 80
note 49262 49447 64 63 74
note 49420 49722 64 66 65
note 49707 50522 64 67 86
note 51700 51862 64 64 87
note 51842 52007 64 67 80
note 51990 52120 64 69 64
note 52082 52220 64 67 79
note 52207 52357 64 64 67
note 52322 52430 64 65 76
note 52377 52632 64 66 87
note 52635 52812 64 62 97
note 53570 53737 64 64 78
note 53730 53867 64 67 65
note 53867 53997 64 69 81
note 53985 54120 64 67 80
note 54115 54270 64 64 74
note 54230 54320 64 65 78
note 54272 54552 64 66 113
note 54562 55072 64 64 100
note 56132 56237 64 61 85
note 56205 56530 64 62 86
note 56570 56705 64 61 62
note 56647 57010 64 62 94
note 57057 57170 64 61 78
note 57122 57490 64 62 87
note 57530 57622 64 61 77
note 57600 57750 64 62 92
note 57735 57757 64 64 65
note 57720 57855 64 65 68
note 58062 58537 64 65 104
note 58512 58657 64 62 84
note 58667 58777 64 60 91
note 58805 58915 64 58 99
note 60770 60942 64 64 73
note 60930 61097 64 67 78
note 61245 61407 64 69 90
note 61427 61540 64 70 77
note 61722 61790 64 70 74
note 61910 62040 64 70 87
note 62047 62240 64 69 70
note 62217 62372 64 67 71
note 62387 62707 64 64 77
note 62727 62870 64 67 87
note 63192 63392 64 64 91
note 63390 63682 64 67 79
note 63665 63960 64 69 88
note 63960 64307 64 70 75
note 64307 64620 64 70 91
note 64620 64955 64 69 90
note 64955 65270 64 67 84
note 65270 66702 64 67 91
note 66702 66997 64 65 98
note 67007 67440 64 62 102
note 67410 67440 64 61 63
note 67440 67470 64 60 60
note 67470 67500 64 59 57
note 67500 67530 64 58 55
note 67530 67560 64 57 52
note 67560 67590 64 56 49
note 67590 67620 64 55 47
note 67620 67650 64 54 44
note 67650 67680 64 53 41
note 67680 67710 64 52 39
note 67710 67740 64 51 36
note 67740 67770 64 50 33
note 67770 67800 64 49 31
note 67800 67830 64 48 28
note 67830 67860 64 47 26
note 69105 69245 64 62 84
note 69250 69357 64 65 80
note 69575 70040 64 65 90
note 70050 70187 64 60 79
note 70172 70282 64 64 94
note 70495 70972 64 64 91
note 70975 71310 64 62 90
note 71280 71310 64 61 63
note 71310 71340 64 60 60
note 71340 71370 64 59 57
note 71370 71400 64 58 55
note 71400 71430 64 57 52
note 71430 71460 64 56 49
note 71460 71490 64 55 47
note 71490 71520 64 54 44
note 71520 71550 64 53 41
note 71550 71580 64 52 39
note 71580 71610 64 51 36
note 71610 71640 64 50 33
note 71640 71670 64 49 31
note 71670 71700 64 48 28
note 71700 71730 64 47 26
note 121430 122597 64 63 79
note 143580 144257 64 61 87
note 144242 144435 64 60 70
note 144372 144522 64 59 16
note 144475 144610 64 57 60
note 144560 144682 64 55 54
note 144647 144750 64 53 57
note 144720 144815 64 52 66
note 144787 144882 64 50 68
note 144855 144955 64 48 67
note 144927 145027 64 47 73
note 145010 145097 64 45 71
note 145087 145167 64 43 73
note 145175 145232 64 41 70
note 35790 36235 59 49 75
note 35790 36270 59 56 107
note 36270 36630 59 57 97
note 36270 36752 59 50 85
note 121445 121935 59 79 108
note 121875 122007 59 77 40
note 121977 122070 59 76 64
note 122042 122132 59 74 77
note 122105 122192 59 72 80
note 122167 122250 59 71 85
note 122227 122312 59 69 83
note 122287 122370 59 67 78
note 122347 122425 59 65 80
note 122402 122487 59 64 80
note 122465 122552 59 62 79
note 122530 122620 59 60 65
note 122607 122665 59 59 54
note 131810 132255 59 49 75
note 131810 132290 59 56 107
note 132290 132650 59 57 97
note 132290 132772 59 50 85
note 44162 44410 61 66 119
note 44457 45212 61 67 120
note 46062 46382 61 69 117
note 46390 47212 61 70 127
note 47340 47527 61 73 101
note 47542 47760 61 74 100
note 47832 49275 61 77 102
note 49245 49435 61 75 87
note 49410 49710 61 73 91
note 49742 50552 61 70 123
note 51677 51820 61 67 100
note 51787 51932 61 70 91
note 51912 52062 61 72 100
note 51997 52087 61 70 95
note 52107 52215 61 67 99
note 52212 52322 61 68 97
note 52302 52567 61 69 100
note 52595 52687 61 67 106
note 53602 53725 61 70 116
note 53720 53862 61 73 109
note 53857 53995 61 75 100
note 53962 54087 61 73 103
note 54095 54240 61 70 109
note 54217 54302 61 71 95
note 54277 54560 61 72 108
note 54562 55120 61 70 102
note 55170 55480 61 67 100
note 56105 56517 61 50 39
note 56137 56517 61 62 108
note 56602 56995 61 50 19
note 56582 57010 61 62 108
note 57080 57412 61 50 7
note 57065 57500 61 62 108
note 55500 57600 61 65 108
note 57545 57677 61 62 108
note 57527 57692 61 50 3
note 57667 57780 61 53 31
note 57660 57840 61 65 108
note 58022 58497 61 65 108
note 58050 58507 61 53 31
note 58492 58625 61 62 108
note 58505 58660 61 50 39
note 58620 58757 61 60 108
note 58645 58772 61 48 31
note 58797 58900 61 46 51
note 58775 58920 61 58 108
note 59000 59280 61 66 107
note 59315 60000 61 67 110
note 60765 60905 61 67 95
note 60920 61057 61 70 104
note 61265 61392 61 72 110
note 61440 61545 61 73 104
note 61760 61825 61 73 95
note 61920 62070 61 73 110
note 62060 62207 61 72 98
note 62207 62405 61 70 104
note 62405 62732 61 67 106
note 62740 62847 61 70 127
note 63187 63345 61 67 97
note 63347 63642 61 70 101
note 63642 63945 61 72 108
note 63945 64292 61 73 93
note 64292 64615 61 73 107
note 64615 64912 61 72 102
note 64912 65252 61 70 97
note 65252 66672 61 67 97
note 66695 67012 61 65 108
note 67030 67380 61 62 114
note 67380 67410 61 61 85
note 67410 67440 61 60 82
note 67440 67470 61 59 78
note 67470 67500 61 58 74
note 67500 67530 61 57 71
note 67530 67560 61 56 67
note 67560 67590 61 55 64
note 67590 67620 61 54 60
note 67620 67650 61 53 56
note 67650 67680 61 52 53
note 67680 67710 61 51 49
note 67710 67740 61 50 46
note 67740 67770 61 49 42
note 67770 67800 61 48 38
note 67800 67830 61 47 35
note 67830 67860 61 46 31
note 67860 67890 61 45 28
note 67890 67920 61 44 24
note 67920 67950 61 43 20
note 67950 67980 61 42 17
note 67980 68010 61 41 13
note 68010 68040 61 40 10
note 69117 69257 61 67 108
note 69245 69320 61 70 127
note 69577 70007 61 70 127
note 70037 70137 61 66 104
note 70167 70275 61 69 106
note 70505 70965 61 69 122
note 70987 71340 61 67 114
note 71310 71340 61 66 85
note 71340 71370 61 65 82
note 71370 71400 61 64 78
note 71400 71430 61 63 74
note 71430 71460 61 62 71
note 71460 71490 61 61 67
note 71490 71520 61 60 64
note 71520 71550 61 59 60
note 71550 71580 61 58 56
note 71580 71610 61 57 53
note 71610 71640 61 56 49
note 71640 71670 61 55 46
note 71670 71700 61 54 42
note 71700 71730 61 53 38
note 71730 71760 61 52 35
note 71760 71790 61 51 31
note 71790 71820 61 50 28
note 71820 71850 61 49 24
note 71850 71880 61 48 20
note 71880 71910 61 47 17
note 71910 71940 61 46 13
note 71940 71970 61 45 10
note 74395 74535 61 67 127
note 74385 74540 61 70 122
note 74400 74552 61 74 127
note 74390 74565 61 76 118
note 74385 74567 61 88 127
note 74875 76320 61 76 127
note 74892 76320 61 71 127
note 74890 76320 61 79 118
note 74882 76320 61 74 125
note 76320 76380 61 78 66
note 76380 76440 61 77 63
note 74867 76452 61 91 127
note 76440 76500 61 76 59
note 76500 76560 61 75 56
note 76560 76620 61 74 53
note 76620 76680 61 73 49
note 76680 76740 61 72 46
note 76740 76800 61 71 43
note 76800 76860 61 70 39
note 76860 76920 61 69 36
note 76920 76980 61 68 33
note 76980 77040 61 67 29
note 77040 77100 61 66 26
note 77100 77160 61 65 23
note 77160 77220 61 64 19
note 77220 77280 61 63 16
note 77280 77340 61 62 13
note 77340 77400 61 61 9
note 77400 77460 61 60 6
note 77460 77520 61 59 3
note 121427 122845 61 69 85
note 121430 122845 61 75 87
note 121425 122887 61 72 90
note 121422 122897 61 79 72
note 143575 145190 61 71 83
note 143575 145192 61 75 107
note 143580 145200 61 78 107
note 143545 145832 61 76 79
note 1915 1935 0 34 31
note 2395 2415 0 44 79
note 2407 2427 0 34 62
note 2880 2900 0 34 29
note 3350 3370 0 34 62
note 3355 3375 0 44 79
note 3842 3862 0 34 31
note 4312 4332 0 44 72
note 4322 4342 0 34 62
note 4627 4647 0 34 19
note 4780 4800 0 34 35
note 5242 5262 0 34 62
note 5275 5295 0 44 74
note 5740 5760 0 34 29
note 6227 6247 0 34 62
note 6230 6250 0 44 74
note 6715 6735 0 34 29
note 7185 7205 0 34 62
note 7202 7222 0 44 73
note 7687 7707 0 34 32
note 8157 8177 0 44 74
note 8160 8180 0 34 62
note 8635 8655 0 34 26
note 8945 8965 0 34 62
note 9110 9130 0 34 62
note 9122 9142 0 44 81
note 9587 9607 0 34 33
note 10075 10095 0 34 62
note 10075 10095 0 44 72
note 10575 10595 0 34 29
note 11037 11057 0 44 70
note 11045 11065 0 34 62
note 11527 11547 0 34 32
note 11997 12017 0 44 72
note 12005 12025 0 34 62
note 12480 12500 0 34 29
note 12782 12802 0 59 80
note 12950 12970 0 59 97
note 12962 12982 0 44 75
note 13432 13452 0 34 32
note 13907 13927 0 34 62
note 13917 13937 0 44 73
note 14387 14407 0 34 29
note 14867 14887 0 34 62
note 14870 14890 0 44 74
note 15347 15367 0 34 29
note 15820 15840 0 34 62
note 15832 15852 0 44 74
note 16140 16160 0 34 62
note 16312 16332 0 34 34
note 16797 16817 0 34 62
note 16797 16817 0 44 74
note 17275 17295 0 34 31
note 17755 17775 0 34 62
note 17757 17777 0 44 75
note 18247 18267 0 34 24
note 18710 18730 0 34 62
note 18715 18735 0 44 75
note 19027 19047 0 34 62
note 19197 19217 0 34 57
note 19667 19687 0 34 62
note 19675 19695 0 44 77
note 20157 20177 0 34 26
note 20467 20487 0 59 78
note 20627 20647 0 59 102
note 20635 20655 0 44 72
note 20940 20960 0 34 38
note 21115 21135 0 34 26
note 21580 21600 0 34 62
note 21602 21622 0 44 73
note 22062 22082 0 34 29
note 22530 22550 0 34 62
note 22552 22572 0 44 73
note 22860 22880 0 34 38
note 23017 23037 0 34 29
note 23487 23507 0 34 62
note 23515 23535 0 44 75
note 23980 24000 0 34 29
note 24302 24322 0 34 38
note 24467 24487 0 34 62
note 24475 24495 0 44 74
note 24950 24970 0 34 29
note 25265 25285 0 59 67
note 25427 25447 0 59 83
note 25435 25455 0 44 77
note 25912 25932 0 34 32
note 26227 26247 0 59 71
note 26392 26412 0 59 88
note 26395 26415 0 44 74
note 26865 26885 0 34 29
note 27347 27367 0 34 62
note 27352 27372 0 44 75
note 27827 27847 0 34 29
note 28142 28162 0 34 38
note 28307 28327 0 34 62
note 28315 28335 0 44 73
note 28625 28645 0 34 38
note 28795 28815 0 34 35
note 29270 29290 0 34 62
note 29275 29295 0 44 72
note 29752 29772 0 34 30
note 30227 30247 0 34 62
note 30232 30252 0 44 72
note 30542 30562 0 34 38
note 30712 30732 0 34 28
note 31190 31210 0 34 62
note 31195 31215 0 44 73
note 31670 31690 0 34 29
note 31985 32005 0 59 80
note 32147 32167 0 59 95
note 32162 32182 0 44 73
note 32462 32482 0 34 38
note 32627 32647 0 34 30
note 33112 33132 0 34 62
note 33117 33137 0 44 71
note 33587 33607 0 34 28
note 34067 34087 0 34 62
note 34077 34097 0 44 72
note 34550 34570 0 34 29
note 35035 35055 0 34 62
note 35035 35055 0 44 71
note 35352 35372 0 59 66
note 35507 35527 0 59 79
note 35990 36010 0 59 80
note 35992 36012 0 44 67
note 36470 36490 0 59 80
note 39665 39685 0 41 88
note 39827 39847 0 41 106
note 40140 40160 0 36 68
note 40145 40165 0 59 68
note 40302 40322 0 36 102
note 40307 40327 0 59 86
note 40795 40815 0 44 104
note 40805 40825 0 59 80
note 41120 41140 0 59 66
note 41267 41287 0 59 79
note 41567 41587 0 40 99
note 41755 41775 0 59 92
note 41757 41777 0 44 99
note 42065 42085 0 45 83
note 42230 42250 0 45 114
note 42545 42565 0 36 92
note 42717 42737 0 40 83
note 42725 42745 0 44 97
note 42760 42780 0 40 77
note 42800 42820 0 40 59
note 42840 42860 0 40 62
note 43027 43047 0 36 76
note 43195 43215 0 45 106
note 43240 43260 0 45 68
note 43280 43300 0 45 62
note 43320 43340 0 45 51
note 43497 43517 0 36 84
note 43660 43680 0 40 104
note 43675 43695 0 44 104
note 43720 43740 0 40 77
note 43760 43780 0 40 59
note 43800 43820 0 40 62
note 43982 44002 0 36 96
note 44140 44160 0 59 85
note 44150 44170 0 36 100
note 44625 44645 0 59 94
note 44635 44655 0 44 107
note 44937 44957 0 59 73
note 45095 45115 0 59 87
note 45585 45605 0 59 94
note 45597 45617 0 44 107
note 45927 45947 0 59 72
note 46080 46100 0 59 80
note 46562 46582 0 44 110
note 46567 46587 0 59 92
note 46882 46902 0 59 65
note 47045 47065 0 59 85
note 47500 47520 0 59 97
note 47515 47535 0 44 110
note 47825 47845 0 57 81
note 47825 47845 0 36 85
note 47977 47997 0 59 79
note 48472 48492 0 59 92
note 48480 48500 0 44 104
note 48795 48815 0 59 68
note 48955 48975 0 59 83
note 49265 49285 0 40 94
note 49432 49452 0 44 110
note 49432 49452 0 40 100
note 49732 49752 0 49 104
note 49742 49762 0 40 102
note 49747 49767 0 36 90
note 50375 50395 0 59 95
note 50397 50417 0 44 104
note 50702 50722 0 59 68
note 50847 50867 0 59 80
note 51045 51065 0 40 93
note 51330 51350 0 59 98
note 51352 51372 0 44 110
note 51367 51387 0 40 107
note 51660 51680 0 59 68
note 51807 51827 0 59 77
note 52312 52332 0 59 91
note 52315 52335 0 44 104
note 52637 52657 0 59 65
note 52782 52802 0 59 84
note 53260 53280 0 59 80
note 53275 53295 0 44 110
note 53595 53615 0 59 66
note 53732 53752 0 59 81
note 54222 54242 0 59 85
note 54232 54252 0 44 110
note 54537 54557 0 59 63
note 54690 54710 0 59 80
note 55022 55042 0 40 54
note 55172 55192 0 59 92
note 55187 55207 0 40 81
note 55187 55207 0 44 107
note 55502 55522 0 40 101
note 55512 55532 0 59 97
note 55647 55667 0 59 58
note 56142 56162 0 59 92
note 56152 56172 0 44 110
note 56465 56485 0 59 68
note 56605 56625 0 59 80
note 56942 56962 0 40 87
note 57097 57117 0 59 94
note 57107 57127 0 44 110
note 57112 57132 0 36 104
note 57425 57445 0 59 68
note 57572 57592 0 59 85
note 57902 57922 0 45 63
note 57972 57992 0 45 106
note 58067 58087 0 45 110
note 58077 58097 0 44 107
note 58377 58397 0 49 119
note 58385 58405 0 36 117
note 58550 58570 0 59 88
note 58862 58882 0 45 68
note 59025 59045 0 59 95
note 59030 59050 0 40 104
note 59032 59052 0 44 113
note 59340 59360 0 59 109
note 59345 59365 0 36 117
note 59972 59992 0 59 94
note 59990 60010 0 44 107
note 60307 60327 0 59 65
note 60450 60470 0 59 86
note 60927 60947 0 59 95
note 60947 60967 0 44 113
note 61262 61282 0 59 72
note 61412 61432 0 59 86
note 61745 61765 0 40 103
note 61907 61927 0 36 77
note 61917 61937 0 44 107
note 61920 61940 0 59 91
note 62260 62280 0 59 65
note 62407 62427 0 59 86
note 62877 62897 0 44 107
note 62882 62902 0 59 94
note 63187 63207 0 40 106
note 63205 63225 0 59 62
note 63355 63375 0 59 85
note 63357 63377 0 36 82
note 63837 63857 0 44 113
note 63840 63860 0 59 95
note 64162 64182 0 59 67
note 64307 64327 0 59 86
note 64622 64642 0 40 92
note 64792 64812 0 59 91
note 64795 64815 0 44 113
note 64797 64817 0 36 81
note 65110 65130 0 59 67
note 65275 65295 0 59 83
note 65592 65612 0 40 106
note 65752 65772 0 59 91
note 65755 65775 0 36 81
note 65757 65777 0 44 116
note 66075 66095 0 59 68
note 66227 66247 0 59 80
note 66547 66567 0 40 102
note 66707 66727 0 36 80
note 66717 66737 0 44 107
note 66720 66740 0 59 94
note 67047 67067 0 59 68
note 67192 67212 0 59 80
note 67672 67692 0 59 94
note 67675 67695 0 44 99
note 68005 68025 0 59 73
note 68150 68170 0 59 86
note 68620 68640 0 59 91
note 68627 68647 0 44 104
note 68940 68960 0 59 69
note 69107 69127 0 59 85
note 69567 69587 0 59 95
note 69587 69607 0 44 99
note 69897 69917 0 59 66
note 70050 70070 0 59 84
note 70545 70565 0 59 94
note 70550 70570 0 44 104
note 70862 70882 0 59 65
note 70862 70882 0 40 103
note 71030 71050 0 46 127
note 71030 71050 0 36 100
note 71185 71205 0 40 113
note 71342 71362 0 40 61
note 71507 71527 0 41 77
note 71665 71685 0 41 73
note 71822 71842 0 41 113
note 71987 72007 0 40 58
note 72145 72165 0 40 63
note 72305 72325 0 51 113
note 72305 72325 0 53 75
note 72470 72490 0 44 104
note 72470 72490 0 40 63
note 72627 72647 0 51 80
note 72627 72647 0 53 69
note 72782 72802 0 40 91
note 72950 72970 0 41 96
note 73017 73037 0 41 80
note 73085 73105 0 41 79
note 73142 73162 0 41 70
note 73197 73217 0 41 70
note 73262 73282 0 41 68
note 73317 73337 0 41 64
note 73377 73397 0 41 60
note 73435 73455 0 40 86
note 73437 73457 0 44 104
note 73497 73517 0 40 69
note 73557 73577 0 40 74
note 73615 73635 0 40 62
note 73677 73697 0 40 71
note 73740 73760 0 40 62
note 73797 73817 0 40 67
note 73857 73877 0 40 70
note 73915 73935 0 41 127
note 74065 74085 0 41 91
note 74390 74410 0 44 113
note 74397 74417 0 36 117
note 74397 74417 0 41 117
note 74872 74892 0 49 127
note 74872 74892 0 36 117
note 75342 75362 0 59 94
note 75352 75372 0 44 107
note 75675 75695 0 59 57
note 75827 75847 0 59 71
note 76315 76335 0 44 107
note 76317 76337 0 59 95
note 76640 76660 0 59 68
note 76782 76802 0 59 83
note 77270 77290 0 59 95
note 77270 77290 0 44 110
note 77597 77617 0 59 61
note 77737 77757 0 59 80
note 78227 78247 0 59 92
note 78232 78252 0 44 113
note 78562 78582 0 59 61
note 78710 78730 0 59 86
note 79195 79215 0 44 110
note 79202 79222 0 59 95
note 79527 79547 0 59 66
note 79685 79705 0 59 80
note 80155 80175 0 44 116
note 80167 80187 0 59 91
note 80485 80505 0 59 64
note 80630 80650 0 59 84
note 81115 81135 0 44 110
note 81132 81152 0 59 92
note 81445 81465 0 59 56
note 81585 81605 0 59 80
note 82075 82095 0 59 83
note 82077 82097 0 44 101
note 82385 82405 0 59 69
note 82535 82555 0 59 80
note 83030 83050 0 59 92
note 83032 83052 0 44 104
note 83337 83357 0 59 61
note 83492 83512 0 59 80
note 83990 84010 0 59 90
note 83992 84012 0 44 104
note 84295 84315 0 59 62
note 84452 84472 0 59 87
note 84950 84970 0 40 109
note 84955 84975 0 44 107
note 84957 84977 0 59 90
note 85275 85295 0 59 61
note 85430 85450 0 59 79
note 85917 85937 0 44 107
note 85925 85945 0 59 94
note 86242 86262 0 59 66
note 86390 86410 0 59 83
note 86872 86892 0 44 104
note 86882 86902 0 59 88
note 87195 87215 0 59 68
note 87337 87357 0 59 84
note 87665 87685 0 40 104
note 87832 87852 0 59 94
note 87832 87852 0 44 97
note 87835 87855 0 36 88
note 88152 88172 0 59 65
note 88307 88327 0 59 80
note 88462 88482 0 40 50
note 88625 88645 0 40 63
note 88790 88810 0 59 92
note 88790 88810 0 36 75
note 88790 88810 0 44 110
note 88945 88965 0 40 70
note 89100 89120 0 59 61
note 89107 89127 0 36 70
note 89247 89267 0 59 78
note 89270 89290 0 40 91
note 89585 89605 0 40 93
note 89740 89760 0 59 97
note 89750 89770 0 44 113
note 89752 89772 0 36 77
note 89905 89925 0 40 89
note 90065 90085 0 36 70
note 90070 90090 0 59 59
note 90212 90232 0 59 84
note 90232 90252 0 40 117
note 90705 90725 0 59 94
note 90710 90730 0 44 107
note 91005 91025 0 59 62
note 91165 91185 0 59 84
note 91650 91670 0 59 95
note 91667 91687 0 44 110
note 91975 91995 0 59 70
note 92125 92145 0 59 84
note 92630 92650 0 59 95
note 92637 92657 0 44 110
note 92945 92965 0 59 57
note 93092 93112 0 59 83
note 93427 93447 0 40 93
note 93580 93600 0 59 92
note 93590 93610 0 44 110
note 93592 93612 0 36 104
note 93892 93912 0 59 70
note 94050 94070 0 59 88
note 94552 94572 0 59 94
note 94552 94572 0 44 110
note 94845 94865 0 59 65
note 95010 95030 0 59 84
note 95345 95365 0 40 92
note 95487 95507 0 59 92
note 95510 95530 0 36 87
note 95517 95537 0 44 113
note 95832 95852 0 59 73
note 95987 96007 0 59 84
note 96450 96470 0 59 91
note 96472 96492 0 44 113
note 96775 96795 0 59 65
note 96787 96807 0 40 90
note 96925 96945 0 59 81
note 96950 96970 0 36 88
note 97420 97440 0 59 92
note 97430 97450 0 40 117
note 97430 97450 0 44 110
note 97732 97752 0 59 64
note 97885 97905 0 59 83
note 98395 98415 0 44 101
note 98400 98420 0 59 84
note 98710 98730 0 40 95
note 98717 98737 0 59 54
note 98865 98885 0 59 80
note 98870 98890 0 36 75
note 99345 99365 0 59 92
note 99347 99367 0 40 103
note 99352 99372 0 44 104
note 99675 99695 0 59 56
note 99837 99857 0 59 79
note 100317 100337 0 44 101
note 100320 100340 0 59 90
note 100620 100640 0 59 65
note 100622 100642 0 40 109
note 100770 100790 0 59 84
note 100792 100812 0 36 73
note 101275 101295 0 44 104
note 101277 101297 0 59 90
note 101595 101615 0 59 61
note 101732 101752 0 59 86
note 102067 102087 0 40 90
note 102222 102242 0 59 81
note 102232 102252 0 44 95
note 102537 102557 0 59 62
note 102707 102727 0 59 72
note 103192 103212 0 59 94
note 103197 103217 0 44 107
note 103500 103520 0 59 68
note 103657 103677 0 59 88
note 104152 104172 0 59 80
note 104155 104175 0 44 99
note 104462 104482 0 59 64
note 104620 104640 0 59 91
note 105115 105135 0 44 87
note 105595 105615 0 34 31
note 106075 106095 0 44 91
note 106087 106107 0 34 62
note 106560 106580 0 34 29
note 107030 107050 0 34 62
note 107035 107055 0 44 87
note 107522 107542 0 34 31
note 107997 108017 0 44 81
note 108002 108022 0 34 62
note 108460 108480 0 34 35
note 108785 108805 0 34 48
note 108950 108970 0 34 62
note 108962 108982 0 44 91
note 109262 109282 0 34 53
note 109430 109450 0 34 49
note 109910 109930 0 34 62
note 109922 109942 0 44 93
note 110395 110415 0 34 29
note 110865 110885 0 34 62
note 110875 110895 0 44 77
note 111357 111377 0 34 32
note 111837 111857 0 34 62
note 111840 111860 0 44 85
note 112142 112162 0 34 62
note 112315 112335 0 34 26
note 112790 112810 0 34 62
note 112797 112817 0 44 87
note 113267 113287 0 34 33
note 113755 113775 0 34 62
note 113757 113777 0 44 85
note 114237 114257 0 34 29
note 114712 114732 0 44 84
note 114717 114737 0 34 62
note 115195 115215 0 34 32
note 115670 115690 0 44 85
note 115675 115695 0 34 62
note 115982 116002 0 34 62
note 116155 116175 0 34 29
note 116635 116655 0 34 62
note 116642 116662 0 44 93
note 117112 117132 0 34 32
note 117587 117607 0 34 62
note 117592 117612 0 44 95
note 118067 118087 0 34 29
note 118547 118567 0 34 62
note 118555 118575 0 44 93
note 119027 119047 0 34 29
note 119510 119530 0 34 62
note 119517 119537 0 44 95
note 119822 119842 0 34 62
note 119992 120012 0 34 34
note 120475 120495 0 34 62
note 120482 120502 0 44 91
note 120955 120975 0 34 31
note 121432 121452 0 49 127
note 121435 121455 0 34 62
note 121435 121455 0 36 98
note 121442 121462 0 44 97
note 121455 121475 0 40 109
note 121917 121937 0 34 24
note 122390 122410 0 34 62
note 122402 122422 0 44 97
note 122702 122722 0 34 62
note 122875 122895 0 34 57
note 123347 123367 0 34 62
note 123357 123377 0 44 89
note 123837 123857 0 34 26
note 124145 124165 0 59 94
note 124305 124325 0 59 110
note 124322 124342 0 44 85
note 124625 124645 0 34 38
note 124795 124815 0 34 26
note 125275 125295 0 34 62
note 125277 125297 0 44 87
note 125747 125767 0 34 29
note 126230 126250 0 34 62
note 126235 126255 0 44 97
note 126542 126562 0 34 38
note 126707 126727 0 34 29
note 127025 127045 0 59 80
note 127192 127212 0 59 97
note 127192 127212 0 44 95
note 127502 127522 0 34 38
note 127672 127692 0 34 29
note 127985 128005 0 59 81
note 128145 128165 0 59 98
note 128152 128172 0 44 89
note 128462 128482 0 34 38
note 128630 128650 0 34 29
note 129117 129137 0 34 62
note 129122 129142 0 44 87
note 129587 129607 0 34 32
note 130077 130097 0 44 97
note 130385 130405 0 34 38
note 130552 130572 0 34 29
note 130860 130880 0 59 72
note 131027 131047 0 59 98
note 131035 131055 0 44 91
note 131347 131367 0 34 38
note 131507 131527 0 34 29
note 131825 131845 0 34 38
note 131987 132007 0 34 62
note 131992 132012 0 44 89
note 132302 132322 0 34 38
note 132472 132492 0 34 35
note 136317 136337 0 34 62
note 136792 136812 0 34 30
note 136802 136822 0 44 89
note 137267 137287 0 34 62
note 137750 137770 0 34 28
note 137757 137777 0 44 82
note 138227 138247 0 34 62
note 138542 138562 0 34 38
note 138710 138730 0 34 29
note 138722 138742 0 44 93
note 139197 139217 0 34 62
note 139670 139690 0 34 30
note 139675 139695 0 44 89
note 139985 140005 0 81 62
note 140147 140167 0 81 62
note 140630 140650 0 34 28
note 140642 140662 0 44 89
note 141112 141132 0 34 62
note 141590 141610 0 34 29
note 141592 141612 0 44 87
note 142075 142095 0 34 62
note 142555 142575 0 34 29
note 142557 142577 0 44 85
note 143510 143530 0 49 123
note 143512 143532 0 36 115
note 143512 143532 0 40 117
note 75717 75777 26 62 111
note 75720 75782 26 55 83
note 75725 75785 26 59 87
note 75715 75785 26 64 111
note 76872 77660 26 66 95
note 76877 77675 26 55 91
note 76870 77702 26 61 107
note 76882 77705 26 59 91
note 78057 78085 26 61 75
note 79042 79077 26 64 107
note 79047 79085 26 62 95
note 79037 79092 26 67 111
note 79037 79092 26 58 91
note 80017 80085 26 67 95
note 80022 80097 26 64 103
note 80022 80107 26 62 99
note 80012 80117 26 58 99
note 81847 82020 26 64 83
note 81852 82030 26 62 67
note 81837 82037 26 67 79
note 81832 82042 26 58 71
note 82877 82965 26 66 107
note 82885 82975 26 55 75
note 82877 82990 26 61 107
note 82890 83007 26 59 91
note 83512 83602 26 66 83
note 83530 83637 26 55 31
note 83517 83640 26 61 83
note 83540 83657 26 59 71
note 83917 84495 26 65 111
note 83917 84510 26 55 83
note 83917 84512 26 61 103
note 83935 84520 26 59 91
note 85740 85822 26 66 107
note 85737 85827 26 61 111
note 85747 85847 26 59 99
note 85745 85850 26 55 87
note 87670 87747 26 67 91
note 87657 87757 26 58 91
note 87670 87792 26 64 107
note 87672 87797 26 62 95
note 88342 88780 26 58 75
note 88350 88787 26 67 79
note 88352 88817 26 64 87
note 88342 88832 26 62 87
note 89530 89820 26 69 91
note 89522 89827 26 58 87
note 89545 89880 26 64 91
note 89542 89925 26 62 91
note 90470 90545 26 66 99
note 90475 90557 26 61 103
note 90482 90557 26 55 55
note 90492 90580 26 59 79
note 91505 91585 26 66 103
note 91530 91617 26 55 23
note 91502 91632 26 61 107
note 91527 91647 26 59 83
note 93897 93967 26 66 91
note 93925 93970 26 59 67
note 93902 93972 26 61 79
note 94850 94892 26 64 111
note 94842 94905 26 67 107
note 94847 94917 26 58 91
note 94850 94927 26 62 103
note 96285 96407 26 67 87
note 96290 96417 26 64 91
note 96282 96437 26 62 87
note 96277 96445 26 58 91
note 97622 97860 26 64 91
note 97627 97867 26 58 75
note 97615 97870 26 67 103
note 97617 97897 26 60 99
note 99152 99220 26 66 75
note 99147 99280 26 61 95
note 99180 99287 26 59 43
note 99167 99297 26 55 11
note 13270 13440 66 51 114
note 13435 13550 66 52 84
note 14242 14420 66 54 110
note 14412 14502 66 55 89
note 15187 15345 66 51 110
note 15350 15447 66 52 72
note 15665 15810 66 54 103
note 15827 15935 66 55 80
note 16152 16335 66 60 96
note 16320 16435 66 59 81
note 16627 16785 66 52 92
note 16795 16897 66 55 87
note 17122 17287 66 59 91
note 17295 18490 66 58 101
note 18435 18607 66 57 77
note 18600 18742 66 55 74
note 18735 18947 66 52 71
note 18905 19007 66 50 80
note 19032 19260 66 52 81
note 19230 19260 66 51 73
note 19260 19290 66 50 69
note 19290 19320 66 49 65
note 19320 19350 66 48 61
note 19350 19380 66 47 57
note 19380 19410 66 46 53
note 19410 19440 66 45 49
note 19440 19470 66 44 44
note 19470 19500 66 43 40
note 19500 19530 66 42 36
note 19530 19560 66 41 32
note 19560 19590 66 40 28
note 19590 19620 66 39 24
note 19620 19650 66 38 20
note 19650 19680 66 37 16
note 20950 21127 66 51 112
note 21132 21245 66 52 83
note 21915 22087 66 54 110
note 22095 22200 66 55 90
note 22850 23002 66 51 106
note 23022 23135 66 52 71
note 23340 23482 66 54 104
note 23520 23645 66 55 81
note 23817 24007 66 60 91
note 23977 24115 66 59 81
note 24287 24445 66 55 89
note 24477 24580 66 59 83
note 24775 24917 66 64 85
note 24952 28022 66 63 89
note 28020 28050 66 62 57
note 28050 28080 66 61 53
note 28080 28110 66 60 49
note 28110 28140 66 59 45
note 28140 28170 66 58 41
note 28170 28200 66 57 38
note 28200 28230 66 56 34
note 28230 28260 66 55 30
note 28637 28817 66 51 110
note 28812 28920 66 52 82
note 29582 29770 66 54 110
note 29755 29862 66 55 89
note 30545 30707 66 51 108
note 30707 30855 66 52 67
note 31020 31167 66 54 106
note 31192 31317 66 55 82
note 31492 31650 66 60 89
note 31650 31767 66 59 79
note 31967 32100 66 52 97
note 32155 32255 66 55 84
note 32462 32600 66 59 88
note 32652 33827 66 58 92
note 33785 33967 66 57 77
note 33947 34105 66 55 74
note 34100 34287 66 52 77
note 34252 34365 66 50 80
note 34392 34680 66 52 80
note 34680 34710 66 51 73
note 34710 34740 66 50 69
note 34740 34770 66 49 64
note 34770 34800 66 48 60
note 34800 34830 66 47 55
note 34830 34860 66 46 50
note 34860 34890 66 45 46
note 34890 34920 66 43 41
note 34920 34950 66 42 36
note 34950 34980 66 41 32
note 34980 35010 66 40 27
note 35010 35040 66 38 23
note 36975 37315 66 64 98
note 37275 37430 66 62 87
note 37450 37800 66 59 94
note 37767 37937 66 57 91
note 37945 38275 66 55 87
note 38230 38345 66 52 82
note 38400 38837 66 58 98
note 38880 39300 66 58 95
note 39360 39782 66 58 93
note 39840 40297 66 58 90
note 40302 40465 66 55 104
note 40452 40667 66 52 77
note 40627 40760 66 50 91
note 40787 41280 66 52 100
note 41310 41340 66 51 73
note 41340 41370 66 50 71
note 41370 41400 66 49 69
note 41400 41430 66 48 67
note 41430 41460 66 47 65
note 41460 41490 66 46 63
note 41490 41520 66 45 61
note 41520 41550 66 44 59
note 41550 41580 66 43 56
note 41580 41610 66 42 54
note 41610 41640 66 41 52
note 41640 41670 66 40 50
note 41670 41700 66 39 48
note 41700 41730 66 38 46
note 41730 41760 66 37 44
note 41760 41790 66 36 42
note 41790 41820 66 35 40
note 41820 41850 66 34 38
note 41850 41880 66 33 35
note 41880 41910 66 32 33
note 41910 41940 66 31 31
note 75720 75910 66 64 127
note 75920 75960 66 63 99
note 75960 76000 66 62 93
note 75987 76027 66 61 86
note 76040 76080 66 60 80
note 76080 76120 66 59 73
note 76120 76160 66 58 67
note 76160 76200 66 57 60
note 76200 76240 66 56 54
note 76227 76267 66 54 47
note 76320 76602 66 52 97
note 76680 76785 66 55 97
note 76862 77132 66 57 105
note 77127 77307 66 55 69
note 77302 77787 66 57 105
note 77760 78010 66 55 89
note 78072 78265 66 55 81
note 78240 78702 66 52 93
note 78720 78980 66 55 109
note 79020 79215 66 55 101
note 79200 79455 66 57 109
note 79512 80580 66 46 126
note 80610 80640 66 56 92
note 80640 81300 66 57 112
note 81360 81420 66 55 105
note 81420 81480 66 53 86
note 81480 81540 66 50 86
note 81540 81600 66 46 103
note 81600 81660 66 45 86
note 81660 81720 66 46 93
note 81720 81780 66 50 109
note 81780 81840 66 53 117
note 81840 82350 66 60 118
note 82395 82515 66 58 104
note 82560 83197 66 59 105
note 83215 83350 66 55 81
note 83350 83512 66 52 53
note 83520 84332 66 55 85
note 85142 85205 66 59 65
note 85267 85397 66 62 101
note 85440 85560 66 64 127
note 85612 85775 66 64 121
note 85757 85935 66 62 113
note 85920 86030 66 64 125
note 86067 86205 66 64 77
note 86205 86367 66 62 101
note 86400 86662 66 65 108
note 86612 86722 66 62 73
note 86695 86805 66 60 73
note 86787 86907 66 57 81
note 86880 87132 66 62 108
note 87120 87227 66 60 45
note 87182 87290 66 57 69
note 87267 87337 66 55 81
note 87360 87630 66 58 102
note 87600 87682 66 55 53
note 87675 87770 66 53 61
note 87747 87877 66 50 11
note 87840 88050 66 57 96
note 87987 88105 66 55 11
note 88115 88225 66 53 53
note 88207 88267 66 50 77
note 88307 88430 66 57 117
note 88425 88530 66 53 93
note 88520 88635 66 55 97
note 88610 88702 66 51 113
note 88707 88800 66 50 105
note 88800 88890 66 48 97
note 88920 89022 66 53 104
note 89040 89110 66 51 117
note 89117 89190 66 54 105
note 89187 89267 66 58 117
note 89257 89335 66 62 113
note 89330 89405 66 65 125
note 89402 89447 66 62 113
note 89462 89532 66 65 125
note 89520 89610 66 62 113
note 90510 90987 66 62 125
note 90990 91020 66 61 85
note 91020 91050 66 60 81
note 91050 91080 66 59 77
note 91080 91110 66 58 73
note 91110 91140 66 57 69
note 91140 91170 66 56 65
note 91170 91200 66 55 61
note 91180 91722 66 52 83
note 91680 91980 66 55 83
note 91957 92155 66 52 77
note 92132 92660 66 59 101
note 92615 92890 66 62 121
note 92930 93085 66 59 81
note 93120 93637 66 64 109
note 93600 93865 66 67 117
note 93895 93927 66 64 109
note 94707 94852 66 70 125
note 94947 95035 66 67 121
note 95150 95222 66 65 127
note 95235 95320 66 67 109
note 95320 95392 66 65 113
note 95392 95465 66 62 109
note 95520 95647 66 60 109
note 95667 95750 66 55 69
note 95760 95905 66 60 101
note 95887 95972 66 55 85
note 96000 96157 66 58 117
note 96147 96270 66 60 89
note 96240 96337 66 58 73
note 96322 96440 66 55 97
note 96480 96675 66 55 93
note 96720 96935 66 53 81
note 96960 97365 66 55 97
note 97347 97647 66 58 100
note 98160 98867 66 59 125
note 98850 99120 66 64 125
note 99120 99697 66 59 127
note 99685 99840 66 55 89
note 99840 100195 66 57 121
note 100200 100320 66 55 89
note 100295 100802 66 57 121
note 100800 101017 66 55 109
note 101040 101100 66 57 97
note 101107 101167 66 55 94
note 101187 101280 66 52 88
note 101280 101767 66 50 93
note 101760 102682 66 52 81
note 102720 102952 66 55 121
note 102960 103027 66 57 101
note 103027 103125 66 55 92
note 103107 103177 66 52 87
note 103175 103490 66 50 101
note 103495 103950 66 47 89
note 103950 103980 66 46 89
note 103980 104010 66 45 85
note 104010 104040 66 44 80
note 104040 104070 66 43 75
note 104070 104100 66 42 70
note 104100 104130 66 41 66
note 104130 104160 66 40 61
note 104160 104190 66 39 56
note 104190 104220 66 38 51
note 104220 104250 66 37 47
note 104250 104280 66 36 42
note 132975 133315 66 64 98
note 133275 133430 66 62 87
note 133450 133800 66 59 94
note 133767 133937 66 57 91
note 133945 134275 66 55 87
note 134230 134345 66 52 82
note 134400 134837 66 58 98
note 134880 135300 66 58 95
note 135360 135782 66 58 93
note 135840 136297 66 58 90
note 136302 136465 66 55 104
note 136452 136667 66 52 77
note 136627 136760 66 50 91
note 136787 137280 66 52 100
note 137310 137340 66 51 73
note 137340 137370 66 50 71
note 137370 137400 66 49 69
note 137400 137430 66 48 67
note 137430 137460 66 47 65
note 137460 137490 66 46 63
note 137490 137520 66 45 61
note 137520 137550 66 44 59
note 137550 137580 66 43 56
note 137580 137610 66 42 54
note 137610 137640 66 41 52
note 137640 137670 66 40 50
note 137670 137700 66 39 48
note 137700 137730 66 38 46
note 137730 137760 66 37 44
note 137760 137790 66 36 42
note 137790 137820 66 35 40
note 137820 137850 66 34 38
note 137850 137880 66 33 35
note 137880 137910 66 32 33
note 137910 137940 66 31 31
note 138252 138415 66 55 104
note 138402 138617 66 52 77
note 138577 138710 66 50 91
note 138737 139230 66 52 100
note 139260 139290 66 51 73
note 139290 139320 66 50 71
note 139320 139350 66 49 69
note 139350 139380 66 48 67
note 139380 139410 66 47 65
note 139410 139440 66 46 63
note 139440 139470 66 45 61
note 139470 139500 66 44 59
note 139500 139530 66 43 56
note 139530 139560 66 42 54
note 139560 139590 66 41 52
note 139590 139620 66 40 50
note 139620 139650 66 39 48
note 140160 140322 66 55 104
note 140310 140525 66 52 77
note 140485 140617 66 50 91
note 140645 143760 66 52 100
note 74880 76737 49 64 91
note 74880 76800 49 59 103
note 74880 76800 49 55 79
note 76747 77760 49 66 99
note 76765 77790 49 61 98
note 76767 78655 49 59 99
note 76775 78670 49 55 83
note 77730 78700 49 67 107
note 77760 78755 49 61 107
note 78695 80610 49 69 103
note 78672 82435 49 62 115
note 78660 82462 49 58 87
note 78670 82505 49 64 111
note 80595 82517 49 67 107
note 82527 83467 49 66 107
note 83460 84427 49 65 111
note 84432 85337 49 64 111
note 82552 86292 49 55 55
note 82530 86310 49 61 111
note 82547 86315 49 59 107
note 85352 86395 49 63 111
note 86407 87817 49 62 95
note 87817 88302 49 60 119
note 88282 89760 49 62 107
note 86430 90180 49 55 95
note 86395 90180 49 57 95
note 89760 90240 49 65 111
note 90240 92637 49 66 107
note 92625 93080 49 64 111
note 93080 93570 49 66 111
note 90235 93952 49 59 103
note 90252 93965 49 55 75
note 90227 94025 49 61 107
note 93557 94062 49 67 111
note 94032 97390 49 69 111
note 94070 97832 49 58 111
note 94062 97850 49 62 115
note 94075 97857 49 64 103
note 97382 97880 49 67 103
note 97862 98847 49 71 95
note 98832 99297 49 67 103
note 97880 99747 49 61 107
note 97885 99757 49 66 99
note 99287 99772 49 64 115
note 97875 99787 49 59 103
note 99840 100740 49 55 91
note 99840 100800 49 58 91
note 99782 100807 49 62 125
note 100792 101252 49 61 125
note 100780 101267 49 54 103
note 100775 101307 49 57 111
note 101262 101690 49 53 99
note 101282 101707 49 56 111
note 101242 101735 49 60 125
note 101710 105120 49 52 99
note 101735 105120 49 59 118
note 101700 105120 49 55 95
note 109277 109417 73 63 99
note 109430 109572 73 64 71
note 110187 110350 73 66 107
note 110360 110500 73 67 87
note 111155 111332 73 63 103
note 111335 111455 73 64 91
note 111660 111797 73 66 103
note 111830 111960 73 67 79
note 112140 112267 73 72 99
note 112312 112435 73 71 91
note 112615 112777 73 64 59
note 112782 112912 73 67 83
note 113087 113247 73 71 79
note 113272 114455 73 70 75
note 114445 114612 73 69 71
note 114597 114752 73 67 87
note 114755 114925 73 64 47
note 114927 115005 73 62 43
note 115060 115350 73 64 75
note 115350 115380 73 63 63
note 115380 115410 73 62 59
note 115410 115440 73 61 56
note 115440 115470 73 60 52
note 115470 115500 73 59 48
note 115500 115530 73 58 45
note 115530 115560 73 57 41
note 115560 115590 73 56 37
note 115590 115620 73 55 34
note 115650 115680 73 54 32
note 115680 115710 73 53 32
note 115710 115740 73 52 32
note 115740 115770 73 51 32
note 115770 115800 73 50 32
note 116940 117110 73 63 103
note 117115 117262 73 64 91
note 117892 118042 73 66 95
note 118047 118162 73 67 87
note 118842 119012 73 63 103
note 119027 119130 73 64 87
note 119357 119480 73 66 99
note 119535 119672 73 67 79
note 119830 119945 73 72 91
note 119992 120130 73 71 87
note 120292 120470 73 64 79
note 120482 120562 73 67 83
note 120767 120960 73 76 63
note 120952 124335 73 75 87
note 124350 124380 73 74 81
note 124380 124410 73 73 72
note 124410 124440 73 72 63
note 124440 124470 73 71 55
note 124470 124500 73 70 46
note 124500 124530 73 69 37
note 124530 124560 73 68 29
note 124560 124590 73 67 20
note 124597 124777 73 63 95
note 124780 124925 73 64 95
note 125562 125737 73 66 79
note 125725 125877 73 67 91
note 126517 126685 73 63 99
note 126695 126825 73 64 79
note 127007 127170 73 66 91
note 127162 127320 73 67 87
note 127477 127637 73 72 83
note 127647 127780 73 71 83
note 127957 128087 73 64 63
note 128140 128262 73 67 55
note 128435 128577 73 71 79
note 128640 129830 73 70 91
note 129807 129977 73 69 87
note 129940 130107 73 67 79
note 130095 130292 73 64 79
note 130260 130357 73 62 79
note 130367 130640 73 64 103
note 130620 130650 73 63 101
note 130650 130680 73 62 97
note 130680 130710 73 61 92
note 130710 130740 73 60 88
note 130740 130770 73 59 84
note 130770 130800 73 58 79
note 130800 130830 73 57 75
note 130830 130860 73 56 70
note 130860 130890 73 55 66
note 130890 130920 73 54 61
note 130920 130950 73 53 57
note 130950 130980 73 52 52
note 130980 131010 73 51 48
note 131010 131040 73 50 44
note 131040 131070 73 49 39
note 131070 131100 73 48 35
