tempo 1420
note 3840 4558 60 57 84
note 4560 4798 60 62 84
note 4800 6239 60 67 83
note 6241 6722 60 66 84
note 6721 7037 60 62 81
note 7045 7361 60 59 84
note 7361 7677 60 64 83
note 7681 8393 60 69 84
note 8404 8639 60 69 84
note 7684 8644 60 62 88
note 8641 9599 60 73 84
note 9600 10078 60 49 57
note 10080 10558 60 49 47
note 10560 11038 60 45 51
note 11040 11518 60 52 49
note 8647 11519 60 64 74
note 20163 20638 60 33 64
note 20640 21118 60 33 64
note 21120 21598 60 29 64
note 21606 22084 60 36 64
note 23043 23518 60 33 64
note 23520 23998 60 33 64
note 24000 24478 60 29 64
note 24486 24964 60 36 64
note 25440 25918 60 60 84
note 25920 26638 60 65 84
note 25920 26638 60 57 44
note 26640 26878 60 64 84
note 26640 26878 60 55 44
note 26880 27118 60 65 82
note 27120 27358 60 60 82
note 26883 27361 60 57 44
note 27360 27598 60 65 84
note 27600 27838 60 72 84
note 27363 27840 60 45 74
note 27840 29278 60 70 84
note 27844 29281 60 46 79
note 29280 29518 60 72 84
note 29280 29758 60 41 89
note 29520 29758 60 69 84
note 29760 31198 60 67 84
note 29760 31198 60 36 84
note 31200 31438 60 69 84
note 31200 31678 60 41 84
note 31440 31678 60 65 84
note 31683 32157 60 46 84
note 32160 32638 60 45 84
note 31680 33118 60 62 84
note 32640 33596 60 43 80
note 33120 33598 60 64 84
note 33603 34557 60 38 86
note 33600 34795 60 65 84
note 34800 35038 60 69 84
note 35040 35278 60 65 64
note 34565 35516 60 36 71
note 35280 35518 60 60 64
note 35520 36955 60 62 84
note 35523 37433 60 34 81
note 36960 37438 60 65 94
note 37440 38638 60 70 100
note 37443 38866 60 43 72
note 38640 38878 60 69 93
note 38880 39118 60 67 87
note 38882 39350 60 43 74
note 39120 39358 60 62 97
note 39362 40789 60 64 94
note 40800 41278 60 60 109
note 39362 41280 60 36 81
note 41280 41998 60 65 114
note 41280 41998 60 57 64
note 42000 42238 60 64 114
note 42000 42238 60 55 64
note 42240 42478 60 65 112
note 42480 42718 60 60 112
note 42243 42721 60 57 64
note 42720 42958 60 65 114
note 42720 43198 60 45 89
note 42960 43198 60 72 114
note 43200 44637 60 46 99
note 43200 44638 60 70 119
note 44640 44878 60 72 119
note 44640 45118 60 41 109
note 44880 45118 60 69 119
note 45120 46558 60 67 119
note 45120 46558 60 36 104
note 46560 46798 60 69 119
note 46560 47038 60 41 104
note 46800 47038 60 65 119
note 47043 47517 60 46 104
note 47520 47998 60 45 104
note 47040 48478 60 62 119
note 48000 48956 60 43 100
note 48480 48958 60 64 127
note 48963 49909 60 38 115
note 48960 50158 60 65 127
note 50160 50398 60 64 127
note 50400 50638 60 65 127
note 49918 50876 60 36 91
note 50400 50878 60 45 94
note 50640 50878 60 72 127
note 50880 52318 60 74 114
note 52320 52558 60 70 114
note 50880 52798 60 46 64
note 50880 52798 60 34 57
note 52560 52798 60 69 114
note 52800 54238 60 67 114
note 54240 54718 60 60 114
note 54717 55675 60 65 112
note 55680 55918 60 65 99
note 55920 56158 60 72 99
note 56160 56398 60 77 99
note 56400 56638 60 76 99
note 56643 56881 60 45 67
note 56880 57118 60 41 67
note 57123 57361 60 50 67
note 57363 57592 60 45 67
note 56640 57598 60 77 88
note 57603 57841 60 45 67
note 57843 58081 60 41 67
note 58083 58321 60 50 67
note 57600 58555 60 74 87
note 58320 58558 60 45 67
note 58563 58801 60 47 87
note 58800 59038 60 43 87
note 59043 59281 60 50 87
note 59283 59512 60 47 87
note 58560 59758 60 79 84
note 59523 59761 60 47 87
note 59760 59998 60 74 89
note 59763 60001 60 43 87
note 60000 60238 60 77 89
note 60003 60241 60 50 87
note 60240 60478 60 76 89
note 60243 60480 60 47 87
note 60483 60721 60 45 97
note 60720 60958 60 41 97
note 60963 61201 60 50 97
note 61203 61432 60 45 97
note 60480 61438 60 77 97
note 61443 61681 60 45 97
note 61683 61921 60 41 97
note 61923 62161 60 50 97
note 61440 62395 60 74 97
note 60480 62398 60 65 64
note 62160 62398 60 45 97
note 62403 62641 60 47 97
note 62640 62878 60 43 97
note 62883 63121 60 50 97
note 63123 63352 60 47 97
note 63363 63601 60 47 97
note 62400 63835 60 79 97
note 63603 63841 60 43 97
note 63843 64081 60 50 97
note 63840 64318 60 74 97
note 64083 64320 60 47 97
note 64323 64561 60 48 87
note 64563 64801 60 43 87
note 64806 65044 60 51 87
note 65043 65272 60 48 87
note 64320 65509 60 75 84
note 65286 65524 60 48 87
note 65520 65758 60 43 87
note 65523 65761 60 67 89
note 65760 65998 60 75 89
note 65766 66004 60 51 87
note 66000 66238 60 74 89
note 66003 66240 60 46 87
note 66243 66481 60 48 113
note 66480 66718 60 44 80
note 66720 66958 60 51 91
note 66960 67198 60 48 108
note 66240 67438 60 75 85
note 67200 67438 60 48 104
note 67440 67678 60 68 87
note 67440 67678 60 44 71
note 67680 67918 60 75 77
note 67680 67918 60 51 90
note 67920 68158 60 79 103
note 67920 68158 60 55 108
note 68162 68394 60 53 117
note 68405 68632 60 41 117
note 68636 68872 60 50 101
note 68885 69059 60 41 111
note 68160 69118 60 77 103
note 69119 69390 60 53 111
note 69363 69610 60 50 111
note 69599 69824 60 58 105
note 69838 70038 60 53 98
note 69120 70078 60 74 107
note 70080 70318 60 52 117
note 70320 70558 60 48 111
note 70560 70798 60 43 98
note 70800 71038 60 48 107
note 71040 71278 60 52 111
note 71280 71518 60 48 91
note 71520 71758 60 55 117
note 70080 71998 60 72 98
note 71760 71998 60 48 98
note 72000 72718 60 57 127
note 72000 72718 60 60 127
note 72000 72718 60 65 127
note 72720 72958 60 64 127
note 72720 72958 60 60 127
note 72720 72958 60 55 127
note 72960 73198 60 65 127
note 72960 73198 60 57 127
note 72960 73198 60 60 127
note 73200 73438 60 60 127
note 73440 73678 60 60 127
note 73440 73678 60 57 127
note 73440 73678 60 65 127
note 73680 73918 60 72 127
note 73920 75358 60 65 127
note 73920 75358 60 62 127
note 73920 75358 60 70 127
note 75360 75598 60 69 127
note 75360 75598 60 65 127
note 75360 75598 60 72 127
note 75600 75838 60 60 111
note 75600 75838 60 69 127
note 75600 75838 60 65 127
note 75840 77278 60 60 127
note 75840 77278 60 64 127
note 75840 77278 60 67 127
note 77280 77518 60 65 127
note 77280 77518 60 60 124
note 77283 77521 60 69 127
note 77520 77758 60 57 100
note 77520 77758 60 60 127
note 77520 77758 60 65 127
note 77760 79198 60 58 124
note 77760 79198 60 53 127
note 77760 79198 60 62 127
note 79200 79678 60 60 127
note 79200 79678 60 55 127
note 79200 79678 60 64 127
note 79680 80878 60 65 119
note 79680 80878 60 62 119
note 79680 80878 60 57 119
note 80880 81118 60 64 119
note 81120 81358 60 65 119
note 81120 81598 60 62 119
note 81360 81598 60 72 119
note 81124 81600 60 57 119
note 81600 83028 60 65 119
note 81600 83038 60 70 119
note 81600 83038 60 74 119
note 83040 83278 60 65 119
note 83040 83278 60 70 119
note 83280 83518 60 69 119
note 89280 89590 60 57 123
note 89612 89914 60 57 124
note 89929 90231 60 53 126
note 90240 92038 60 60 127
note 92160 92638 60 59 127
note 92640 93118 60 55 127
note 93120 95035 60 57 123
note 9600 10078 47 49 87
note 10080 10558 47 49 77
note 10560 11038 47 45 81
note 11040 11518 47 52 79
note 17280 17318 47 44 4
note 17320 17358 47 44 4
note 17360 17398 47 44 4
note 17400 17438 47 44 4
note 17440 17478 47 44 4
note 17480 17518 47 44 4
note 17520 17558 47 44 4
note 17560 17598 47 44 4
note 17600 17638 47 44 4
note 17640 17678 47 44 4
note 17680 17718 47 44 4
note 17720 17758 47 44 4
note 17760 17798 47 44 4
note 17800 17838 47 44 4
note 17840 17878 47 44 4
note 17880 17918 47 44 4
note 17920 17958 47 44 4
note 17960 17998 47 44 4
note 18000 18038 47 44 4
note 18040 18078 47 44 4
note 18080 18118 47 44 4
note 18120 18158 47 44 4
note 18160 18198 47 44 4
note 18200 18238 47 44 4
note 18240 18278 47 46 84
note 18280 18318 47 46 84
note 18320 18358 47 46 84
note 18360 18398 47 46 84
note 18400 18438 47 46 84
note 18440 18478 47 46 84
note 18480 18518 47 46 84
note 18520 18558 47 46 84
note 18560 18598 47 46 84
note 18600 18638 47 46 84
note 18640 18678 47 46 84
note 18680 18718 47 46 84
note 18720 18758 47 46 84
note 18760 18798 47 46 84
note 18800 18838 47 46 84
note 18840 18878 47 46 84
note 18880 18918 47 46 84
note 18920 18958 47 46 84
note 18960 18995 47 46 84
note 19000 19038 47 46 84
note 19040 19078 47 46 84
note 19080 19118 47 46 84
note 19120 19158 47 46 84
note 19160 19198 47 46 84
note 19200 19238 47 46 84
note 19240 19278 47 46 84
note 19280 19318 47 46 84
note 19320 19358 47 46 84
note 19360 19398 47 46 84
note 19400 19438 47 46 84
note 19440 19478 47 46 84
note 19480 19518 47 46 84
note 19520 19558 47 46 84
note 19560 19598 47 46 84
note 19600 19638 47 46 84
note 19640 19678 47 46 84
note 19680 19718 47 46 84
note 19720 19758 47 46 84
note 19760 19798 47 46 84
note 19800 19838 47 46 84
note 19840 19878 47 46 84
note 19880 19918 47 46 84
note 19920 19958 47 46 84
note 19960 19998 47 46 84
note 20000 20038 47 46 84
note 20040 20078 47 46 84
note 20080 20118 47 46 84
note 20120 20158 47 46 84
note 20163 20638 47 45 84
note 20160 20641 47 41 119
note 20640 21118 47 45 64
note 21120 21598 47 41 64
note 21606 22084 47 48 64
note 23043 23518 47 45 64
note 23520 23998 47 45 64
note 24000 24478 47 41 64
note 24486 24964 47 48 64
note 62400 62438 47 43 64
note 62439 62461 47 43 73
note 62440 62478 47 43 64
note 62480 62518 47 43 64
note 62503 62522 47 43 33
note 62520 62558 47 43 64
note 62550 62570 47 43 43
note 62560 62598 47 43 64
note 62600 62626 47 43 64
note 62601 62638 47 43 64
note 62640 62678 47 43 64
note 62659 62687 47 43 68
note 62680 62718 47 43 64
note 62716 62738 47 43 54
note 62720 62758 47 43 64
note 62760 62798 47 43 64
note 62774 62800 47 43 64
note 62800 62838 47 43 64
note 62827 62851 47 43 57
note 62840 62878 47 43 64
note 62880 62913 47 43 64
note 62887 62918 47 43 64
note 62920 62958 47 43 64
note 62937 62962 47 43 46
note 62960 62998 47 43 64
note 63000 63017 47 43 48
note 63000 63038 47 43 64
note 63040 63075 47 43 51
note 63051 63078 47 43 64
note 63080 63118 47 43 64
note 63113 63128 47 43 35
note 63120 63155 47 43 64
note 63160 63191 47 43 57
note 63166 63198 47 43 64
note 63200 63238 47 43 64
note 63228 63256 47 43 61
note 63240 63278 47 43 64
note 63280 63310 47 43 61
note 63286 63318 47 43 64
note 63320 63358 47 43 64
note 63344 63370 47 43 73
note 63360 63398 47 43 64
note 63399 63428 47 43 68
note 63400 63438 47 43 64
note 63440 63478 47 43 64
note 63461 63483 47 43 61
note 63480 63518 47 43 64
note 63519 63539 47 43 54
note 63520 63558 47 43 64
note 63560 63598 47 43 54
note 63575 63598 47 43 64
note 63600 63638 47 43 64
note 63623 63651 47 43 54
note 63640 63678 47 43 64
note 63680 63709 47 43 43
note 63687 63718 47 43 64
note 63720 63758 47 43 64
note 63743 63773 47 43 39
note 63760 63798 47 43 64
note 63799 63828 47 43 41
note 63800 63838 47 43 64
note 63840 63878 47 43 64
note 63860 63878 47 43 35
note 63880 63918 47 43 64
note 63916 63939 47 43 51
note 63920 63958 47 43 64
note 63960 63992 47 43 37
note 63975 63998 47 43 64
note 64000 64038 47 43 64
note 64030 64055 47 43 41
note 64040 64078 47 43 64
note 64080 64112 47 43 39
note 64088 64118 47 43 64
note 64120 64158 47 43 64
note 64141 64169 47 43 46
note 64160 64198 47 43 64
note 64200 64227 47 43 43
note 64204 64238 47 43 64
note 64240 64278 47 43 64
note 64259 64286 47 43 43
note 64280 64318 47 43 64
note 64328 64357 47 48 73
note 70080 70118 47 48 64
note 70119 70141 47 48 73
note 70120 70158 47 48 64
note 70160 70198 47 48 64
note 70183 70202 47 48 33
note 70200 70238 47 48 64
note 70230 70250 47 48 43
note 70240 70278 47 48 64
note 70280 70306 47 48 64
note 70281 70318 47 48 64
note 70320 70358 47 48 64
note 70339 70367 47 48 68
note 70360 70398 47 48 64
note 70396 70418 47 48 54
note 70400 70438 47 48 64
note 70440 70478 47 48 64
note 70454 70480 47 48 64
note 70480 70518 47 48 64
note 70507 70531 47 48 57
note 70520 70558 47 48 64
note 70560 70593 47 48 64
note 70567 70598 47 48 64
note 70600 70638 47 48 64
note 70617 70642 47 48 46
note 70640 70678 47 48 64
note 70680 70697 47 48 48
note 70680 70718 47 48 64
note 70720 70755 47 48 51
note 70731 70758 47 48 64
note 70760 70798 47 48 64
note 70793 70808 47 48 35
note 70800 70835 47 48 64
note 70840 70871 47 48 57
note 70846 70878 47 48 64
note 70880 70918 47 48 64
note 70908 70936 47 48 61
note 70920 70958 47 48 64
note 70960 70990 47 48 61
note 70966 70998 47 48 64
note 71000 71038 47 48 64
note 71024 71050 47 48 73
note 71040 71078 47 48 64
note 71079 71108 47 48 68
note 71080 71118 47 48 64
note 71120 71158 47 48 64
note 71141 71163 47 48 61
note 71160 71198 47 48 64
note 71199 71219 47 48 54
note 71200 71238 47 48 64
note 71240 71278 47 48 54
note 71255 71278 47 48 64
note 71280 71318 47 48 64
note 71303 71331 47 48 54
note 71320 71358 47 48 64
note 71360 71389 47 48 43
note 71367 71398 47 48 64
note 71400 71438 47 48 64
note 71423 71453 47 48 39
note 71440 71478 47 48 64
note 71479 71508 47 48 41
note 71480 71518 47 48 64
note 71520 71558 47 48 64
note 71540 71558 47 48 35
note 71560 71598 47 48 64
note 71596 71619 47 48 51
note 71600 71638 47 48 64
note 71640 71672 47 48 37
note 71655 71678 47 48 64
note 71680 71718 47 48 64
note 71710 71735 47 48 41
note 71720 71758 47 48 64
note 71760 71792 47 48 39
note 71768 71798 47 48 64
note 71800 71838 47 48 64
note 71821 71849 47 48 46
note 71840 71878 47 48 64
note 71880 71907 47 48 43
note 71884 71918 47 48 64
note 71920 71958 47 48 64
note 71939 71966 47 48 43
note 71960 71998 47 48 64
note 72005 72225 47 53 71
note 72006 72235 47 41 90
note 81125 81154 47 50 127
note 81140 81158 47 50 125
note 81160 81198 47 50 127
note 81196 81219 47 50 127
note 81200 81238 47 50 127
note 81240 81272 47 50 127
note 81255 81278 47 50 127
note 81280 81318 47 50 127
note 81310 81335 47 50 127
note 81320 81358 47 50 127
note 81360 81392 47 50 127
note 81368 81398 47 50 127
note 81400 81438 47 50 127
note 81421 81449 47 50 127
note 81440 81478 47 50 127
note 81480 81507 47 50 127
note 81484 81518 47 50 127
note 81520 81558 47 50 127
note 81539 81566 47 50 127
note 81560 81598 47 50 127
note 81602 81822 47 46 127
note 81603 81832 47 34 127
note 83520 83558 47 48 94
note 83559 83581 47 48 103
note 83560 83598 47 48 94
note 83600 83638 47 48 94
note 83623 83642 47 48 63
note 83640 83678 47 48 94
note 83670 83690 47 48 73
note 83680 83718 47 48 94
note 83720 83746 47 48 94
note 83721 83758 47 48 94
note 83760 83798 47 48 94
note 83779 83807 47 48 98
note 83800 83838 47 48 94
note 83836 83858 47 48 84
note 83840 83878 47 48 94
note 83880 83918 47 48 94
note 83894 83920 47 48 94
note 83920 83958 47 48 94
note 83947 83971 47 48 87
note 83960 83998 47 48 94
note 84000 84033 47 48 94
note 84007 84038 47 48 94
note 84040 84078 47 48 94
note 84057 84082 47 48 76
note 84080 84118 47 48 94
note 84120 84137 47 48 78
note 84120 84158 47 48 94
note 84160 84195 47 48 81
note 84171 84198 47 48 94
note 84200 84238 47 48 94
note 84233 84248 47 48 65
note 84240 84275 47 48 94
note 84280 84311 47 48 87
note 84286 84318 47 48 94
note 84320 84358 47 48 94
note 84348 84376 47 48 91
note 84360 84398 47 48 94
note 84400 84430 47 48 91
note 84406 84438 47 48 94
note 84440 84478 47 48 94
note 84464 84490 47 48 103
note 84480 84518 47 48 94
note 84519 84548 47 48 98
note 84520 84558 47 48 94
note 84560 84598 47 48 94
note 84581 84603 47 48 91
note 84600 84638 47 48 94
note 84639 84659 47 48 84
note 84640 84678 47 48 94
note 84680 84718 47 48 84
note 84695 84718 47 48 94
note 84720 84758 47 48 94
note 84743 84771 47 48 84
note 84760 84798 47 48 94
note 84800 84829 47 48 73
note 84807 84838 47 48 94
note 84840 84878 47 48 94
note 84863 84893 47 48 69
note 84880 84918 47 48 94
note 84919 84948 47 48 71
note 84920 84958 47 48 94
note 84960 84998 47 48 94
note 84980 84998 47 48 65
note 85000 85038 47 48 94
note 85036 85059 47 48 81
note 85040 85078 47 48 94
note 85080 85112 47 48 67
note 85095 85118 47 48 94
note 85120 85158 47 48 94
note 85150 85175 47 48 71
note 85160 85198 47 48 94
note 85200 85232 47 48 69
note 85208 85238 47 48 94
note 85240 85278 47 48 94
note 85261 85289 47 48 76
note 85280 85318 47 48 94
note 85320 85347 47 48 73
note 85324 85358 47 48 94
note 85360 85398 47 48 94
note 85379 85406 47 48 73
note 85400 85438 47 48 94
note 85445 85665 47 53 101
note 85446 85675 47 41 120
note 17280 18238 48 68 90
note 17280 18238 48 85 88
note 17280 18238 48 80 108
note 17280 18238 48 61 74
note 17280 18238 48 89 111
note 17280 18238 48 77 101
note 17280 18238 48 49 63
note 17283 18240 48 56 75
note 18240 20158 48 77 121
note 18240 20158 48 89 111
note 18240 20158 48 70 119
note 18240 20158 48 82 119
note 18240 20158 48 85 119
note 18240 20158 48 73 119
note 18240 20158 48 46 119
note 18240 20158 48 49 119
note 18240 20158 48 53 119
note 18240 20158 48 58 119
note 18240 20158 48 61 119
note 18240 20158 48 65 119
note 20158 25914 48 89 33
note 20160 25915 48 77 101
note 20160 25916 48 57 90
note 20160 25917 48 72 108
note 20160 25917 48 60 104
note 20160 25917 48 48 90
note 20160 25918 48 81 92
note 20160 25918 48 65 98
note 20160 25919 48 84 96
note 20160 25919 48 53 82
note 20167 25920 48 41 106
note 55680 55918 48 77 119
note 55680 55918 48 65 119
note 55920 56158 48 84 119
note 55920 56158 48 72 119
note 56160 56398 48 89 119
note 56160 56398 48 77 119
note 56400 56638 48 88 119
note 56400 56638 48 76 119
note 56640 57598 48 89 106
note 56640 57598 48 77 108
note 57600 58555 48 86 109
note 57600 58555 48 74 107
note 58560 59758 48 79 104
note 58563 59761 48 91 106
note 59760 59998 48 74 109
note 59760 59998 48 86 109
note 60000 60238 48 89 109
note 60000 60238 48 77 109
note 60240 60478 48 88 109
note 60240 60478 48 76 109
note 60480 61438 48 89 106
note 60480 61438 48 77 108
note 61440 62395 48 86 109
note 61440 62395 48 74 107
note 62400 63827 48 79 102
note 62403 63836 48 91 105
note 63843 64318 48 86 100
note 64320 65509 48 87 104
note 65520 65758 48 79 109
note 65760 65998 48 87 109
note 66000 66238 48 86 109
note 66240 67438 48 87 117
note 67440 67678 48 80 117
note 67680 67918 48 87 117
note 67920 68158 48 91 112
note 68160 69118 48 89 114
note 69120 70078 48 86 117
note 70087 72000 48 84 84
note 72000 72718 48 77 98
note 72000 72718 48 89 117
note 72720 72958 48 76 108
note 72720 72958 48 88 114
note 72960 73198 48 89 117
note 72960 73198 48 77 111
note 73200 73438 48 84 106
note 73200 73438 48 72 83
note 73440 73678 48 77 106
note 73440 73678 48 89 117
note 73680 73918 48 84 102
note 73680 73918 48 96 117
note 73920 75358 48 94 117
note 73920 75358 48 82 117
note 75360 75598 48 96 117
note 75360 75598 48 84 117
note 75600 75838 48 81 117
note 75600 75838 48 93 117
note 75840 77278 48 79 117
note 75840 77278 48 91 117
note 77280 77518 48 93 117
note 77280 77518 48 81 117
note 77520 77758 48 89 114
note 77520 77758 48 77 111
note 77760 79198 48 86 117
note 77760 79198 48 74 113
note 79200 79678 48 76 97
note 79200 79678 48 88 104
note 79680 80878 48 77 88
note 79680 80878 48 89 111
note 80880 81118 48 88 91
note 80880 81118 48 76 97
note 81120 81358 48 77 96
note 81120 81358 48 89 110
note 81360 81598 48 84 95
note 81360 81598 48 96 86
note 81600 83038 48 98 103
note 81600 83038 48 86 85
note 83040 83278 48 82 80
note 83040 83278 48 94 87
note 83280 83518 48 93 117
note 83280 83518 48 81 97
note 83520 84958 48 91 122
note 83520 84958 48 79 117
note 84960 85438 48 72 104
note 84960 85438 48 84 108
note 85440 85747 48 93 87
note 85440 85750 48 81 87
note 85762 86071 48 81 86
note 85762 86080 48 93 87
note 86083 86392 48 89 86
note 86080 86395 48 77 86
note 86400 88318 48 84 87
note 86400 88318 48 96 87
note 88320 88798 48 95 87
note 88320 88798 48 83 87
note 88800 89278 48 79 84
note 88800 89278 48 91 87
note 3843 4561 57 57 84
note 4560 4798 57 62 84
note 4800 6239 57 67 83
note 6241 6722 57 66 84
note 6721 7037 57 62 81
note 7045 7361 57 59 84
note 7361 7677 57 64 83
note 7681 8393 57 69 84
note 8404 8639 57 69 84
note 8641 11519 57 73 88
note 12493 13211 57 61 104
note 13200 13438 57 66 104
note 13440 14879 57 71 83
note 14881 15362 57 70 84
note 15361 15677 57 66 81
note 15685 16001 57 63 84
note 16001 16317 57 68 83
note 16321 17036 57 73 84
note 17041 17281 57 73 84
note 17281 19200 57 77 82
note 18240 20158 57 73 93
note 18240 20158 57 70 74
note 18240 20158 57 65 127
note 18240 20158 57 61 117
note 18240 20158 57 58 110
note 20166 25192 57 60 59
note 20170 25215 57 57 35
note 20163 25222 57 65 53
note 56640 57114 57 65 67
note 57120 57598 57 64 69
note 57600 58077 57 65 69
note 58080 58558 57 62 69
note 59758 59996 57 74 61
note 58563 60000 57 67 64
note 60000 60238 57 65 54
note 60000 60238 57 77 54
note 60240 60478 57 64 54
note 60240 60478 57 76 54
note 60480 60954 57 65 67
note 60480 61438 57 77 68
note 60960 61438 57 64 69
note 61440 61917 57 65 69
note 61440 62381 57 74 67
note 61920 62398 57 62 69
note 60481 62399 57 45 57
note 60483 62400 57 38 57
note 61923 62400 57 69 69
note 62403 63840 57 67 77
note 62403 63840 57 79 77
note 63840 64315 57 62 77
note 63840 64315 57 74 77
note 62403 64320 57 31 47
note 62406 64320 57 38 47
note 64326 65274 57 36 44
note 64326 65513 57 75 68
note 64326 65513 57 63 68
note 65523 65758 57 55 76
note 65523 65758 57 67 76
note 65762 65997 57 63 49
note 65762 65997 57 75 49
note 64323 66223 57 31 48
note 65282 66238 57 39 63
note 66000 66240 57 74 71
note 66000 66240 57 62 71
note 66240 67438 57 63 60
note 66240 67438 57 75 60
note 67440 67678 57 56 56
note 67440 67678 57 68 56
note 67680 67918 57 63 56
note 67680 67918 57 75 56
note 67920 68158 57 67 73
note 66240 68158 57 44 85
note 67920 68158 57 79 73
note 66243 68160 57 32 93
note 68160 69118 57 65 87
note 68160 69118 57 77 87
note 68160 70078 57 46 77
note 68160 70078 57 34 60
note 69123 70080 57 74 77
note 69123 70080 57 62 77
note 70086 71970 57 48 98
note 70080 71998 57 60 57
note 70102 72000 57 36 94
note 72000 72718 57 65 84
note 72000 72718 57 77 107
note 72720 72958 57 64 74
note 72720 72958 57 76 74
note 72720 72958 57 24 111
note 72960 73198 57 77 88
note 72960 73198 57 65 77
note 73200 73438 57 60 53
note 73200 73438 57 72 88
note 73440 73678 57 65 61
note 73440 73678 57 77 88
note 73680 73918 57 84 88
note 73680 73918 57 72 71
note 73920 75358 57 70 90
note 73920 75358 57 82 107
note 75360 75598 57 72 77
note 75360 75598 57 84 97
note 75600 75838 57 69 71
note 75600 75838 57 81 74
note 75840 77278 57 67 97
note 75840 77278 57 79 107
note 77280 77518 57 81 107
note 77280 77518 57 69 107
note 77520 77758 57 65 97
note 77520 77758 57 77 102
note 77760 79198 57 74 117
note 77760 79198 57 62 113
note 79200 79678 57 64 97
note 79200 79678 57 76 104
note 79680 80878 57 65 88
note 79680 80878 57 77 111
note 80880 81118 57 76 91
note 80880 81118 57 64 97
note 81120 81358 57 65 96
note 81120 81358 57 77 110
note 81360 81598 57 72 95
note 81360 81598 57 84 86
note 81600 83038 57 86 103
note 81600 83038 57 74 85
note 83040 83278 57 70 80
note 83040 83278 57 82 87
note 83040 83278 57 65 127
note 83280 83518 57 81 117
note 83283 83520 57 69 97
note 83520 84958 57 79 122
note 83520 84958 57 67 117
note 84960 85438 57 60 104
note 84960 85438 57 72 108
note 85425 85753 57 69 125
note 85762 86068 57 69 127
note 86076 86409 57 65 121
note 86365 88291 57 72 127
note 88326 88783 57 71 127
note 88775 89202 57 67 108
note 20160 24719 48 89 16
note 20160 25919 48 41 88
note 25929 26635 48 48 63
note 26640 26878 48 40 59
note 26640 26878 48 52 39
note 26640 26878 48 55 39
note 26640 26878 48 60 59
note 26640 26878 48 48 78
note 26880 27358 48 60 79
note 26880 27358 48 57 79
note 26880 27358 48 53 79
note 26880 27358 48 41 79
note 26880 27358 48 48 88
note 27360 27838 48 60 64
note 27360 27838 48 57 64
note 27360 27838 48 53 64
note 27360 27838 48 41 64
note 27360 27838 48 45 76
note 27840 29272 48 53 31
note 27840 29278 48 58 68
note 27840 29278 48 62 66
note 27840 29278 48 65 69
note 27843 29281 48 46 67
note 29280 29758 48 41 69
note 29280 29758 48 53 69
note 29280 29758 48 57 69
note 29280 29758 48 60 69
note 29760 31188 48 48 53
note 29760 31198 48 52 55
note 29760 31198 48 36 54
note 29760 31198 48 60 53
note 29763 31201 48 55 55
note 31200 31678 48 60 59
note 31200 31678 48 57 59
note 31200 31678 48 53 59
note 31203 31680 48 48 59
note 31203 31680 48 41 59
note 31680 32158 48 58 52
note 31680 32158 48 46 54
note 31680 32158 48 34 56
note 32160 32638 48 57 49
note 32160 32638 48 45 49
note 31680 32638 48 50 91
note 31680 32638 48 53 62
note 32160 32638 48 33 49
note 32640 33598 48 55 58
note 32640 33598 48 48 54
note 32640 33598 48 43 69
note 32643 33600 48 36 60
note 32643 33600 48 60 58
note 33600 34557 48 38 53
note 33597 34563 48 50 53
note 33600 34563 48 62 53
note 33600 35513 48 53 57
note 33600 35513 48 57 56
note 34565 35515 48 60 41
note 34565 35518 48 48 44
note 34562 35520 48 36 33
note 35520 37438 48 41 41
note 35520 37438 48 50 47
note 35520 37438 48 58 46
note 35520 37438 48 53 43
note 35520 37438 48 62 45
note 35520 37438 48 46 40
note 37440 39358 48 62 71
note 37440 39358 48 50 65
note 37440 39358 48 55 81
note 37443 39360 48 58 85
note 37446 39360 48 43 58
note 39360 41278 48 48 70
note 39360 41278 48 55 67
note 39360 41278 48 60 69
note 39363 41280 48 36 68
note 39363 41280 48 52 54
note 39363 41280 48 64 54
note 41280 41998 48 65 57
note 41280 41998 48 60 59
note 41280 41998 48 57 59
note 41280 41998 48 53 58
note 41280 41998 48 48 21
note 41280 41998 48 41 21
note 42000 42238 48 40 89
note 42000 42238 48 48 89
note 42000 42238 48 52 69
note 42000 42238 48 55 69
note 42000 42238 48 60 89
note 42000 42238 48 64 69
note 42240 42718 48 65 69
note 42240 42718 48 60 69
note 42240 42718 48 57 69
note 42240 42718 48 53 69
note 42240 42718 48 48 69
note 42240 42718 48 41 69
note 42720 43198 48 65 72
note 42720 43198 48 60 74
note 42720 43198 48 57 72
note 42720 43198 48 53 72
note 42720 43198 48 48 73
note 42720 43198 48 41 73
note 43200 44638 48 70 70
note 43200 44638 48 62 71
note 43200 44638 48 53 70
note 43200 44638 48 50 73
note 43200 44638 48 46 72
note 43200 44638 48 58 73
note 43203 44641 48 65 74
note 44640 45118 48 41 64
note 44640 45118 48 45 64
note 44640 45118 48 48 64
note 44640 45118 48 53 64
note 44640 45118 48 57 64
note 44640 45118 48 60 64
note 44643 45120 48 65 64
note 45120 46558 48 67 70
note 45120 46558 48 64 70
note 45120 46558 48 60 68
note 45120 46558 48 55 69
note 45120 46558 48 52 66
note 45120 46558 48 48 68
note 45120 46558 48 36 69
note 45120 46558 48 43 69
note 46560 47038 48 45 59
note 46560 47038 48 48 59
note 46560 47038 48 53 59
note 46560 47038 48 57 59
note 46560 47038 48 60 59
note 46560 47040 48 65 59
note 46563 47040 48 41 59
note 47040 47518 48 58 52
note 47040 47518 48 46 54
note 47040 47518 48 34 56
note 47520 47998 48 57 49
note 47520 47998 48 45 49
note 47040 47998 48 50 91
note 47040 47998 48 53 62
note 47520 47998 48 33 49
note 48000 48958 48 60 58
note 48000 48958 48 55 58
note 48000 48958 48 48 54
note 48000 48958 48 36 60
note 48000 48958 48 43 69
note 48960 49918 48 50 77
note 48960 49918 48 45 74
note 48960 49918 48 38 78
note 48960 49918 48 62 72
note 48963 49921 48 53 77
note 48966 49924 48 57 73
note 49920 50878 48 60 89
note 49923 50880 48 45 63
note 49923 50880 48 36 63
note 49923 50880 48 48 56
note 49923 50880 48 57 88
note 50880 52798 48 50 84
note 50880 52798 48 46 84
note 50880 52798 48 41 84
note 50880 52798 48 34 84
note 50880 52798 48 53 84
note 50880 52798 48 58 84
note 52800 54718 48 36 74
note 52800 54718 48 43 74
note 52800 54718 48 48 74
note 52800 54718 48 52 74
note 52800 54718 48 55 74
note 52800 54718 48 60 74
note 54720 56638 48 65 106
note 54720 56638 48 60 112
note 54720 56638 48 57 113
note 54720 56638 48 53 113
note 54720 56638 48 45 114
note 54720 56638 48 41 113
note 54723 56640 48 48 114
note 56640 58558 48 38 117
note 56640 58558 48 50 104
note 56643 58560 48 57 104
note 56643 58560 48 45 104
note 58560 60478 48 55 104
note 58560 60478 48 43 117
note 58563 60480 48 31 104
note 58563 60480 48 50 104
note 60480 62398 48 38 117
note 60480 62398 48 50 104
note 60483 62400 48 57 104
note 60483 62400 48 45 104
note 62400 64318 48 55 104
note 62400 64318 48 43 117
note 62403 64320 48 31 104
note 62403 64320 48 50 104
note 64320 65278 48 43 117
note 64320 65278 48 36 117
note 64320 65278 48 48 117
note 64320 65278 48 51 117
note 64320 65278 48 55 117
note 64320 65278 48 63 100
note 64320 65278 48 60 107
note 65280 66238 48 43 117
note 65280 66238 48 34 117
note 65280 66238 48 51 117
note 65280 66238 48 55 104
note 65284 66240 48 58 97
note 66249 68160 48 60 117
note 66247 68160 48 56 103
note 66243 68160 48 32 88
note 66242 68160 48 44 100
note 66235 68160 48 39 85
note 66239 68160 48 63 88
note 66241 68160 48 48 97
note 68160 70078 48 34 85
note 68160 70078 48 46 45
note 68160 70078 48 41 84
note 68160 70078 48 46 94
note 68160 70078 48 50 87
note 68160 70078 48 53 71
note 68160 70078 48 62 103
note 68160 70078 48 58 81
note 68160 70078 48 65 98
note 70083 71985 48 48 117
note 70081 72000 48 43 81
note 70079 72000 48 60 69
note 70078 72000 48 55 71
note 70074 72000 48 36 81
note 70076 72000 48 52 73
note 70078 72000 48 64 73
note 72000 72718 48 41 117
note 72000 72718 48 48 117
note 72000 72718 48 53 117
note 72000 72718 48 57 117
note 72000 72718 48 60 117
note 72000 72718 48 65 117
note 72007 72727 48 29 98
note 72725 72949 48 36 90
note 72720 72958 48 48 117
note 72720 72958 48 52 117
note 72720 72958 48 55 117
note 72720 72958 48 64 117
note 72720 72958 48 60 117
note 72960 73438 48 41 117
note 72960 73438 48 53 117
note 72960 73438 48 48 117
note 72960 73438 48 60 98
note 72960 73438 48 57 117
note 72960 73438 48 65 117
note 72964 73439 48 29 95
note 73440 73918 48 45 117
note 73440 73918 48 69 117
note 73440 73918 48 65 117
note 73440 73918 48 60 117
note 73440 73918 48 57 117
note 73440 73918 48 53 117
note 73440 73918 48 33 117
note 73920 75358 48 70 117
note 73920 75358 48 50 117
note 73920 75358 48 46 117
note 73920 75358 48 53 117
note 73920 75358 48 58 117
note 73920 75358 48 62 117
note 73920 75358 48 65 117
note 73923 75361 48 34 117
note 75360 75838 48 57 101
note 75360 75838 48 60 85
note 75360 75838 48 65 96
note 75360 75838 48 69 91
note 75360 75838 48 53 117
note 75360 75838 48 48 117
note 75360 75838 48 41 117
note 75360 75838 48 29 117
note 75850 77269 48 36 117
note 75840 77278 48 60 117
note 75840 77278 48 48 117
note 75840 77278 48 52 117
note 75840 77278 48 55 117
note 75840 77278 48 64 117
note 75840 77278 48 67 117
note 77280 77758 48 53 117
note 77280 77758 48 41 117
note 77280 77758 48 48 117
note 77280 77758 48 29 117
note 77280 77758 48 69 117
note 77280 77758 48 57 117
note 77280 77758 48 60 117
note 77280 77758 48 65 117
note 77760 78238 48 58 101
note 77760 78238 48 46 103
note 77760 78238 48 34 117
note 77760 78238 48 70 107
note 78240 78718 48 57 127
note 78240 78718 48 33 82
note 78240 78718 48 45 106
note 77760 78718 48 62 114
note 77760 78718 48 65 127
note 77760 78718 48 53 127
note 77760 78718 48 50 124
note 78240 78718 48 69 124
note 78720 79678 48 24 101
note 78720 79678 48 55 104
note 78720 79678 48 36 83
note 78720 79678 48 43 88
note 78720 79678 48 48 97
note 78720 79678 48 67 108
note 78720 79678 48 60 91
note 79680 81118 48 26 108
note 79680 81118 48 38 108
note 79680 81118 48 45 104
note 79680 81118 48 50 113
note 79680 81118 48 53 108
note 79680 81118 48 62 104
note 79680 81118 48 65 91
note 79680 81118 48 57 79
note 81120 81598 48 26 113
note 81120 81598 48 45 108
note 81120 81598 48 50 122
note 81120 81598 48 53 127
note 81120 81598 48 38 101
note 81120 81598 48 62 97
note 81120 81598 48 57 83
note 81120 81598 48 65 97
note 81600 83518 48 34 80
note 81600 83518 48 50 113
note 81600 83518 48 53 117
note 81600 83518 48 46 80
note 81600 83518 48 58 87
note 81600 83518 48 65 122
note 81600 83518 48 62 113
note 83520 85438 48 64 93
note 83520 85438 48 60 104
note 83520 85438 48 55 108
note 83520 85438 48 52 103
note 83520 85438 48 48 94
note 83520 85438 48 36 104
note 85440 88198 48 29 104
note 85440 88318 48 65 107
note 85440 88318 48 60 108
note 85440 88318 48 41 88
note 85441 88318 48 53 65
note 85444 88318 48 77 82
note 85447 88318 48 72 94
note 85443 88321 48 57 97
note 88320 89158 48 31 101
note 88320 89278 48 79 70
note 88320 89278 48 74 81
note 88320 89278 48 55 59
note 88320 89278 48 59 78
note 88320 89278 48 62 104
note 88320 89278 48 43 80
note 88320 89278 48 67 108
note 89280 91918 48 29 68
note 89229 92147 48 72 83
note 89233 92147 48 77 59
note 89277 92155 48 65 97
note 89222 92158 48 53 83
note 89280 92158 48 57 94
note 89280 92158 48 41 83
note 89283 92161 48 60 82
note 92160 92998 48 31 73
note 92160 93098 48 55 32
note 92154 93112 48 59 72
note 92160 93112 48 79 63
note 92160 93112 48 74 76
note 92160 93118 48 67 62
note 92160 93118 48 62 89
note 92160 93118 48 43 59
note 93136 95997 48 53 31
note 93120 96960 48 29 79
note 93120 96960 48 65 89
note 93120 96960 48 60 66
note 93120 96960 48 57 67
note 93120 96960 48 41 68
note 1926 9598 49 69 91
note 6724 12478 49 69 63
note 8640 12478 49 64 88
note 8640 12478 49 57 68
note 1927 12480 49 81 127
note 8643 12480 49 76 123
note 12480 17271 49 85 121
note 15360 17274 49 75 111
note 15360 17277 49 63 74
note 14400 17279 49 78 113
note 13440 17280 49 83 110
note 17280 18232 49 85 98
note 17280 18232 49 80 118
note 17280 18236 49 68 100
note 12490 18240 49 61 63
note 17280 18240 49 89 121
note 17280 18240 49 77 111
note 23040 25918 49 53 101
note 23040 25918 49 57 102
note 23040 25918 49 60 102
note 23040 25918 49 65 95
note 25920 26638 49 65 72
note 25920 26638 49 60 74
note 25920 26638 49 57 74
note 25920 26638 49 53 73
note 25920 26638 49 41 19
note 26640 26878 49 40 64
note 26640 26878 49 52 44
note 26640 26878 49 55 44
note 26640 26878 49 60 64
note 26640 26878 49 64 44
note 26880 27358 49 65 74
note 26880 27358 49 60 74
note 26880 27358 49 57 74
note 26880 27358 49 53 74
note 26880 27358 49 41 74
note 27360 27718 49 65 38
note 27360 27718 49 60 39
note 27360 27718 49 57 38
note 27360 27718 49 53 38
note 27360 27718 49 41 39
note 27720 27840 49 65 99
note 27720 27840 49 62 96
note 27720 27840 49 46 97
note 27720 27840 49 58 98
note 27840 29278 49 65 109
note 27840 29278 49 62 106
note 27840 29278 49 46 107
note 27720 29278 49 70 105
note 27840 29278 49 58 98
note 29280 29518 49 41 48
note 29280 29518 49 45 47
note 29280 29518 49 48 46
note 29280 29518 49 53 45
note 29280 29518 49 60 46
note 29280 29518 49 57 45
note 29280 29518 49 65 48
note 29523 31198 49 72 93
note 29520 31198 49 67 95
note 29520 31198 49 64 95
note 29520 31198 49 60 93
note 29520 31198 49 48 93
note 29520 31198 49 36 94
note 31200 31558 49 65 47
note 31200 31558 49 60 49
note 31200 31558 49 57 48
note 31200 31558 49 53 46
note 31200 31558 49 48 49
note 31200 31558 49 45 48
note 31200 31558 49 41 48
note 31560 31680 49 53 112
note 31560 31680 49 41 98
note 31560 31680 49 58 111
note 31560 31680 49 46 106
note 31560 31680 49 34 110
note 31680 32151 49 34 67
note 31680 32154 49 46 64
note 31680 32163 49 58 64
note 32160 32638 49 33 59
note 32160 32638 49 45 59
note 31680 32641 49 53 72
note 32163 32641 49 57 59
note 32640 33587 49 55 68
note 32643 33596 49 48 64
note 32646 33596 49 60 68
note 32640 33599 49 36 70
note 33600 34557 49 38 63
note 33597 34563 49 50 63
note 33600 34563 49 62 63
note 33600 35513 49 53 67
note 33600 35513 49 57 66
note 34565 35515 49 60 51
note 34565 35518 49 48 54
note 34562 35520 49 36 43
note 35520 37438 49 41 51
note 35520 37438 49 50 57
note 35520 37438 49 58 56
note 35520 37438 49 53 53
note 35520 37438 49 62 55
note 35520 37438 49 46 50
note 37440 39358 49 62 81
note 37440 39358 49 50 75
note 37440 39358 49 55 91
note 37446 39360 49 43 68
note 39360 41278 49 36 53
note 39360 41278 49 48 55
note 39360 41278 49 55 52
note 39360 41278 49 60 54
note 39360 41278 49 64 39
note 39360 41278 49 67 39
note 41280 41998 49 65 87
note 41280 41998 49 60 89
note 41280 41998 49 57 89
note 41280 41998 49 53 88
note 41280 41998 49 48 32
note 41280 41998 49 41 34
note 42000 42238 49 40 89
note 42000 42238 49 48 89
note 42000 42238 49 52 69
note 42000 42238 49 55 69
note 42000 42238 49 60 89
note 42000 42238 49 64 69
note 42240 42718 49 65 99
note 42240 42718 49 60 99
note 42240 42718 49 57 99
note 42240 42718 49 53 99
note 42240 42718 49 48 99
note 42240 42718 49 41 99
note 42720 43078 49 65 63
note 42720 43078 49 60 64
note 42720 43078 49 57 63
note 42720 43078 49 53 63
note 42720 43078 49 48 64
note 42720 43078 49 41 64
note 43080 43200 49 65 124
note 43080 43200 49 62 121
note 43080 43200 49 53 120
note 43080 43200 49 46 122
note 43080 43200 49 58 123
note 43200 44638 49 65 124
note 43200 44638 49 62 121
note 43200 44638 49 53 120
note 43200 44638 49 46 122
note 43080 44638 49 70 120
note 43200 44638 49 58 123
note 44640 44878 49 41 63
note 44640 44878 49 48 61
note 44640 44878 49 53 60
note 44640 44878 49 60 61
note 44640 44878 49 57 60
note 44640 44878 49 65 63
note 44883 46558 49 72 108
note 44880 46558 49 67 110
note 44880 46558 49 64 110
note 44880 46558 49 60 108
note 44880 46558 49 55 109
note 44880 46558 49 52 106
note 44880 46558 49 48 108
note 44880 46558 49 36 109
note 46560 46918 49 65 62
note 46560 46918 49 60 64
note 46560 46918 49 57 63
note 46560 46918 49 53 61
note 46560 46918 49 48 64
note 46560 46918 49 45 63
note 46560 46918 49 41 63
note 46920 47040 49 53 127
note 46920 47040 49 41 113
note 46920 47040 49 58 126
note 46920 47040 49 46 121
note 46920 47040 49 34 125
note 47040 47518 49 58 52
note 47040 47518 49 46 54
note 47040 47518 49 34 56
note 47520 47998 49 57 49
note 47520 47998 49 45 49
note 47040 47998 49 50 91
note 47040 47998 49 53 62
note 47520 47998 49 33 49
note 48000 48958 49 60 58
note 48000 48958 49 55 58
note 48000 48958 49 48 54
note 48000 48958 49 36 60
note 48000 48958 49 43 69
note 48960 49918 49 57 103
note 48960 49918 49 53 107
note 48960 49918 49 50 107
note 48960 49918 49 45 104
note 48960 49918 49 38 108
note 48960 49918 49 62 102
note 49920 50878 49 60 119
note 49923 50880 49 45 93
note 49923 50880 49 36 93
note 49923 50880 49 48 86
note 49923 50880 49 57 118
note 50880 52798 49 50 104
note 50880 52798 49 46 104
note 50880 52798 49 41 104
note 50880 52798 49 34 104
note 50880 52798 49 53 104
note 50883 52800 49 58 104
note 52800 54718 49 36 94
note 52800 54718 49 43 94
note 52800 54718 49 48 94
note 52800 54718 49 52 94
note 52800 54718 49 55 94
note 52800 54718 49 60 94
note 54720 56638 49 65 127
note 54720 56638 49 60 127
note 54720 56638 49 57 127
note 54720 56638 49 53 127
note 54720 56638 49 48 127
note 54720 56638 49 45 127
note 54720 56638 49 41 127
note 56646 58560 49 57 117
note 56646 58560 49 50 117
note 58566 60480 49 50 117
note 58563 60480 49 55 117
note 60486 62400 49 57 117
note 60486 62400 49 50 117
note 62406 64320 49 50 117
note 62403 64320 49 55 117
note 64320 65278 49 43 117
note 64320 65278 49 36 117
note 64320 65278 49 48 117
note 64320 65278 49 51 117
note 64320 65278 49 55 117
note 64320 65278 49 63 100
note 64320 65278 49 60 107
note 65280 66238 49 43 117
note 65280 66238 49 34 117
note 65280 66238 49 51 117
note 65280 66238 49 55 104
note 65280 66238 49 63 97
note 65280 66238 49 67 117
note 66249 68160 49 60 117
note 66247 68160 49 56 103
note 66243 68160 49 32 88
note 66242 68160 49 44 100
note 66241 68160 49 48 97
note 66235 68160 49 39 85
note 66239 68160 49 63 88
note 68160 70078 49 34 85
note 68160 70078 49 46 45
note 68160 70078 49 41 84
note 68160 70078 49 46 94
note 68160 70078 49 50 87
note 68160 70078 49 53 71
note 68160 70078 49 62 103
note 68160 70078 49 58 81
note 68160 70078 49 65 98
note 70083 71985 49 48 117
note 70081 72000 49 43 81
note 70079 72000 49 60 69
note 70072 72000 49 64 73
note 70074 72000 49 36 81
note 70076 72000 49 52 73
note 70078 72000 49 55 71
note 72000 72718 49 77 127
note 72000 72718 49 89 127
note 72720 72958 49 76 127
note 72720 72958 49 88 127
note 72960 73198 49 89 127
note 72960 73198 49 77 127
note 73200 73438 49 84 127
note 73200 73438 49 72 123
note 73440 73678 49 77 127
note 73440 73678 49 89 127
note 73680 73918 49 84 127
note 73680 73918 49 96 127
note 73920 75358 49 94 127
note 73920 75358 49 82 127
note 75360 75598 49 96 127
note 75360 75598 49 84 127
note 75600 75838 49 81 127
note 75600 75838 49 93 127
note 75840 77278 49 79 127
note 75840 77278 49 91 127
note 77280 77518 49 93 127
note 77280 77518 49 81 127
note 77520 77758 49 89 127
note 77520 77758 49 77 127
note 77760 79198 49 86 127
note 77760 79198 49 74 127
note 79200 79678 49 76 127
note 79200 79678 49 88 127
note 79680 80878 49 77 127
note 79680 80878 49 89 127
note 80880 81118 49 88 127
note 80880 81118 49 76 127
note 81120 81358 49 77 127
note 81120 81358 49 89 127
note 81360 81598 49 84 127
note 81360 81598 49 96 126
note 81600 83038 49 98 127
note 81600 83038 49 86 125
note 83040 83278 49 82 120
note 83040 83278 49 94 127
note 83040 83278 49 65 117
note 83280 83518 49 93 127
note 83280 83518 49 81 127
note 83280 83518 49 69 117
note 83520 84958 49 91 102
note 83520 84958 49 79 97
note 84960 85438 49 72 84
note 84960 85438 49 84 88
note 85440 85741 49 81 97
note 85440 85750 49 93 97
note 85762 86080 49 93 96
note 85766 86088 49 81 97
note 86080 86385 49 77 97
note 86083 86398 49 89 96
note 86400 88318 49 84 97
note 86400 88318 49 96 97
note 88320 88798 49 95 97
note 88320 88798 49 83 97
note 88800 89278 49 79 94
note 88800 89278 49 91 97
note 93033 96960 49 77 67
note 93030 96960 49 89 87
note 93029 96960 49 65 82
note 41760 42238 68 72 86
note 42240 43198 68 65 86
note 43680 44158 68 72 86
note 44160 45118 68 65 86
note 44160 45118 68 77 86
note 45600 46078 68 72 86
note 46080 47038 68 67 81
note 47523 48001 68 77 86
note 48000 48478 68 74 86
note 48480 48958 68 72 86
note 49440 49918 68 77 86
note 49920 50878 68 74 81
note 51360 51838 68 77 76
note 51840 52798 68 74 71
note 53280 53758 68 72 76
note 53760 54718 68 67 71
note 55203 55681 68 77 76
note 55680 56638 68 76 71
note 25917 26635 49 53 94
note 26640 26878 49 52 94
note 26880 27358 49 53 86
note 27360 27838 49 57 94
note 41760 42238 49 84 110
note 42243 43200 49 77 111
note 43680 44158 49 84 110
note 44163 45120 49 77 111
note 45600 46078 49 84 110
note 46083 47035 49 79 110
note 47520 47998 49 89 111
note 48000 48478 49 86 111
note 48480 48958 49 84 111
note 49440 49918 49 89 110
note 49923 50875 49 86 110
note 51360 51838 49 89 115
note 51843 52795 49 86 115
note 53280 53758 49 84 115
note 53763 54715 49 79 115
note 55200 55678 49 89 115
note 55683 56635 49 88 115
note 41760 42238 73 84 127
note 42243 43200 73 77 127
note 43680 44158 73 84 127
note 44163 45120 73 77 127
note 45600 46078 73 84 127
note 46083 47035 73 79 127
note 47520 47998 73 89 127
note 48000 48478 73 86 127
note 48480 48958 73 84 127
note 49440 49918 73 89 127
note 49923 50875 73 86 127
note 51360 51838 73 89 127
note 51843 52795 73 86 127
note 53280 53758 73 84 127
note 53763 54715 73 79 127
note 55200 55678 73 89 127
note 55680 56632 73 88 127
note 20160 20638 48 59 109
note 70080 70118 48 48 74
note 70119 70141 48 48 83
note 70120 70158 48 48 74
note 70160 70198 48 48 74
note 70183 70202 48 48 43
note 70200 70238 48 48 74
note 70230 70250 48 48 53
note 70240 70278 48 48 74
note 70280 70306 48 48 74
note 70281 70318 48 48 74
note 70320 70358 48 48 74
note 70339 70367 48 48 78
note 70360 70398 48 48 74
note 70396 70418 48 48 64
note 70400 70438 48 48 74
note 70440 70478 48 48 74
note 70454 70480 48 48 74
note 70480 70518 48 48 74
note 70507 70531 48 48 67
note 70520 70558 48 48 74
note 70560 70593 48 48 74
note 70567 70598 48 48 74
note 70600 70638 48 48 74
note 70617 70642 48 48 56
note 70640 70678 48 48 74
note 70680 70697 48 48 58
note 70680 70718 48 48 74
note 70720 70755 48 48 61
note 70731 70758 48 48 74
note 70760 70798 48 48 74
note 70793 70808 48 48 45
note 70800 70835 48 48 74
note 70840 70871 48 48 67
note 70846 70878 48 48 74
note 70880 70918 48 48 74
note 70908 70936 48 48 71
note 70920 70958 48 48 74
note 70960 70990 48 48 71
note 70966 70998 48 48 74
note 71000 71038 48 48 74
note 71024 71050 48 48 83
note 71040 71078 48 48 74
note 71079 71108 48 48 78
note 71080 71118 48 48 74
note 71120 71158 48 48 74
note 71141 71163 48 48 71
note 71160 71198 48 48 74
note 71199 71219 48 48 64
note 71200 71238 48 48 74
note 71240 71278 48 48 64
note 71255 71278 48 48 74
note 71280 71318 48 48 74
note 71303 71331 48 48 64
note 71320 71358 48 48 74
note 71360 71389 48 48 53
note 71367 71398 48 48 74
note 71400 71438 48 48 74
note 71423 71453 48 48 49
note 71440 71478 48 48 74
note 71479 71508 48 48 51
note 71480 71518 48 48 74
note 71520 71558 48 48 74
note 71540 71558 48 48 45
note 71560 71598 48 48 74
note 71596 71619 48 48 61
note 71600 71638 48 48 74
note 71640 71672 48 48 47
note 71655 71678 48 48 74
note 71680 71718 48 48 74
note 71710 71735 48 48 51
note 71720 71758 48 48 74
note 71760 71792 48 48 49
note 71768 71798 48 48 74
note 71800 71838 48 48 74
note 71821 71849 48 48 56
note 71840 71878 48 48 74
note 71880 71907 48 48 53
note 71884 71918 48 48 74
note 71920 71958 48 48 74
note 71939 71966 48 48 53
note 71960 71998 48 48 74
note 72002 72222 48 53 81
note 71999 72228 48 41 100
note 72006 72322 48 59 127
note 81079 81108 48 50 51
note 81120 81158 48 50 74
note 81140 81158 48 50 45
note 81160 81198 48 50 74
note 81196 81219 48 50 61
note 81200 81238 48 50 74
note 81240 81272 48 50 47
note 81255 81278 48 50 74
note 81280 81318 48 50 74
note 81310 81335 48 50 51
note 81320 81358 48 50 74
note 81360 81392 48 50 49
note 81368 81398 48 50 74
note 81400 81438 48 50 74
note 81421 81449 48 50 56
note 81440 81478 48 50 74
note 81480 81507 48 50 53
note 81484 81518 48 50 74
note 81520 81558 48 50 74
note 81539 81566 48 50 53
note 81560 81598 48 50 74
note 81602 81822 48 53 81
note 81602 81831 48 46 100
note 81606 81922 48 59 127
note 83520 83558 48 48 94
note 83559 83581 48 48 103
note 83560 83598 48 48 94
note 83600 83638 48 48 94
note 83623 83642 48 48 63
note 83640 83678 48 48 94
note 83670 83690 48 48 73
note 83680 83718 48 48 94
note 83720 83746 48 48 94
note 83721 83758 48 48 94
note 83760 83798 48 48 94
note 83779 83807 48 48 98
note 83800 83838 48 48 94
note 83836 83858 48 48 84
note 83840 83878 48 48 94
note 83880 83918 48 48 94
note 83894 83920 48 48 94
note 83920 83958 48 48 94
note 83947 83971 48 48 87
note 83960 83998 48 48 94
note 84000 84033 48 48 94
note 84007 84038 48 48 94
note 84040 84078 48 48 94
note 84057 84082 48 48 76
note 84080 84118 48 48 94
note 84120 84137 48 48 78
note 84120 84158 48 48 94
note 84160 84195 48 48 81
note 84171 84198 48 48 94
note 84200 84238 48 48 94
note 84233 84248 48 48 65
note 84240 84275 48 48 94
note 84280 84311 48 48 87
note 84286 84318 48 48 94
note 84320 84358 48 48 94
note 84348 84376 48 48 91
note 84360 84398 48 48 94
note 84400 84430 48 48 91
note 84406 84438 48 48 94
note 84440 84478 48 48 94
note 84464 84490 48 48 103
note 84480 84518 48 48 94
note 84519 84548 48 48 98
note 84520 84558 48 48 94
note 84560 84598 48 48 94
note 84581 84603 48 48 91
note 84600 84638 48 48 94
note 84639 84659 48 48 84
note 84640 84678 48 48 94
note 84680 84718 48 48 84
note 84695 84718 48 48 94
note 84720 84758 48 48 94
note 84743 84771 48 48 84
note 84760 84798 48 48 94
note 84800 84829 48 48 73
note 84807 84838 48 48 94
note 84840 84878 48 48 94
note 84863 84893 48 48 69
note 84880 84918 48 48 94
note 84919 84948 48 48 71
note 84920 84958 48 48 94
note 84960 84998 48 48 94
note 84980 84998 48 48 65
note 85000 85038 48 48 94
note 85036 85059 48 48 81
note 85040 85078 48 48 94
note 85080 85112 48 48 67
note 85095 85118 48 48 94
note 85120 85158 48 48 94
note 85150 85175 48 48 71
note 85160 85198 48 48 94
note 85200 85232 48 48 69
note 85208 85238 48 48 94
note 85240 85278 48 48 94
note 85261 85289 48 48 76
note 85280 85318 48 48 94
note 85320 85347 48 48 73
note 85324 85358 48 48 94
note 85360 85398 48 48 94
note 85379 85406 48 48 73
note 85400 85438 48 48 94
note 85445 85665 48 53 101
note 85446 85675 48 41 120
note 55680 55918 49 77 119
note 55680 55918 49 65 119
note 55920 56158 49 84 119
note 55920 56158 49 72 119
note 56160 56398 49 89 119
note 56160 56398 49 77 119
note 56400 56638 49 88 119
note 56400 56638 49 76 119
note 56643 57592 49 77 116
note 56649 57601 49 89 117
note 57600 58552 49 86 117
note 57600 58552 49 74 117
note 58560 59758 49 79 114
note 58563 59761 49 91 116
note 59760 59998 49 74 117
note 59760 59998 49 86 117
note 60000 60238 49 89 117
note 60000 60238 49 77 117
note 60240 60478 49 88 117
note 60240 60478 49 76 117
note 60483 61432 49 77 116
note 60489 61441 49 89 117
note 61440 62392 49 86 117
note 61440 62392 49 74 117
note 62409 63824 49 91 115
note 62409 63830 49 79 114
note 63843 64318 49 86 97
note 64320 65509 49 87 104
note 65520 65758 49 79 109
note 65760 65998 49 87 109
note 66000 66238 49 86 109
note 66240 67438 49 87 117
note 67440 67678 49 80 117
note 67680 67918 49 87 117
note 67920 68158 49 91 117
note 68173 69115 49 89 117
note 69120 70078 49 86 117
note 70080 71998 49 84 117
note 55680 55918 73 77 119
note 55680 55918 73 65 119
note 55920 56158 73 84 119
note 55920 56158 73 72 119
note 56160 56398 73 89 119
note 56160 56398 73 77 119
note 56400 56638 73 88 119
note 56400 56638 73 76 119
note 56640 57598 73 77 109
note 56640 57598 73 89 107
note 57600 58558 73 86 109
note 57600 58558 73 74 109
note 58560 59758 73 79 104
note 58563 59761 73 91 106
note 59760 59998 73 74 109
note 59760 59998 73 86 109
note 60000 60238 73 89 109
note 60000 60238 73 77 109
note 60240 60478 73 88 109
note 60240 60478 73 76 109
note 60480 61438 73 77 109
note 60480 61438 73 89 107
note 61440 62398 73 86 109
note 61440 62398 73 74 109
note 62403 63836 73 91 106
note 62400 63838 73 79 104
note 63843 64318 73 86 97
note 64320 65509 73 87 104
note 65520 65758 73 79 109
note 65760 65998 73 87 109
note 66000 66238 73 86 109
note 66240 67438 73 87 61
note 67440 67678 73 80 50
note 67680 67918 73 87 61
note 67920 68158 73 91 78
note 68160 69118 73 89 94
note 69120 70078 73 86 78
note 70080 71998 73 84 84
note 1948 3239 46 81 38
note 37465 38437 46 55 43
note 37448 38437 46 50 41
note 37496 38482 46 58 21
note 38870 39151 46 50 46
note 38843 39159 46 46 13
note 38896 39174 46 55 48
note 39402 39896 46 52 43
note 39376 39902 46 48 48
note 39434 39987 46 55 17
note 41286 41405 46 69 61
note 41317 41585 46 72 56
note 41522 41758 46 69 58
note 41753 41972 46 65 47
note 41984 42267 46 60 57
note 42244 42506 46 57 71
note 42496 42755 46 60 56
note 42736 42977 46 65 69
note 42973 43167 46 60 67
note 43664 43923 46 65 61
note 43907 44150 46 72 76
note 44148 44510 46 65 60
note 43213 44547 46 58 40
note 43449 44567 46 62 69
note 44636 44906 46 69 60
note 44879 45120 46 65 71
note 45128 45360 46 64 81
note 45346 45608 46 60 49
note 45587 45868 46 64 61
note 45845 46096 46 60 47
note 46072 46317 46 64 71
note 46309 46583 46 60 44
note 46558 46822 46 69 78
note 46799 46990 46 65 55
note 47040 47278 46 70 56
note 47280 47518 46 74 74
note 47520 47758 46 77 61
note 47760 47998 46 69 38
note 48000 48238 46 67 57
note 48240 48478 46 72 71
note 48480 48718 46 76 53
note 48723 48960 46 72 65
note 48989 49199 46 69 55
note 49194 49458 46 65 61
note 49445 49695 46 69 59
note 49705 49937 46 74 47
note 49921 50169 46 72 57
note 50156 50404 46 69 48
note 50402 50652 46 72 66
note 50648 50850 46 69 50
note 50895 51170 46 74 59
note 51111 51366 46 70 54
note 51348 51579 46 65 71
note 51587 51812 46 62 56
note 51825 52086 46 58 70
note 52075 52337 46 65 79
note 52314 52559 46 70 61
note 52581 52758 46 74 70
note 52802 53059 46 72 61
note 53042 53295 46 67 61
note 53271 53516 46 64 83
note 53509 53786 46 60 64
note 53766 54019 46 64 77
note 54021 54246 46 67 83
note 54239 54478 46 72 79
note 54482 54713 46 67 97
note 54728 54920 46 72 75
note 54965 55138 46 69 96
note 55196 55389 46 65 68
note 55443 55611 46 60 86
note 55685 55905 46 53 87
note 55942 56026 46 53 100
note 55976 56046 46 55 89
note 56010 56090 46 57 97
note 56042 56150 46 58 91
note 56085 56185 46 60 81
note 56133 56235 46 62 84
note 56188 56278 46 64 84
note 56235 56328 46 65 86
note 56298 56392 46 67 84
note 56341 56434 46 69 85
note 56385 56471 46 70 85
note 56452 56572 46 72 89
note 56513 56587 46 74 78
note 56561 56612 46 76 107
note 56617 56855 46 77 67
note 12480 13198 57 61 64
note 13200 13438 57 66 64
note 13440 14879 57 71 63
note 14881 15362 57 70 64
note 15361 15677 57 66 61
note 15685 16001 57 63 64
note 16001 16317 57 68 63
note 16321 17036 57 73 64
note 17037 17272 57 73 59
note 17281 18240 57 77 65
note 56640 57598 57 65 117
note 57600 58555 57 62 117
note 58560 59758 57 67 117
note 59760 59998 57 62 117
note 60000 60238 57 65 117
note 60240 60478 57 64 117
note 60480 61438 57 65 117
note 61440 62395 57 62 117
note 62400 63835 57 67 117
note 63840 64318 57 62 117
note 64320 65518 57 63 63
note 65520 65758 57 55 55
note 65760 65998 57 63 63
note 66000 66238 57 62 91
note 66240 67438 57 63 94
note 67440 67678 57 56 70
note 67680 67918 57 63 85
note 67920 68158 57 67 98
note 68160 69118 57 65 97
note 69120 70078 57 62 97
note 70080 71998 57 60 83
note 3840 4558 60 57 84
note 4560 4798 60 62 84
note 4800 6239 60 67 83
note 6241 6722 60 66 84
note 6721 7037 60 62 81
note 7045 7361 60 59 84
note 7361 7677 60 64 83
note 7681 8393 60 69 84
note 8404 8639 60 69 84
note 8641 9599 60 73 84
note 64320 64798 60 63 80
note 64800 65278 60 65 87
note 65280 65754 60 67 89
note 65765 66228 60 70 70
note 66240 67678 60 60 40
note 66240 67678 60 68 30
note 56640 57598 56 77 91
note 57600 58558 56 74 81
note 58560 59758 56 79 94
note 59760 59998 56 74 78
note 60000 60238 56 77 98
note 60240 60478 56 76 94
note 60480 61438 56 77 98
note 61440 62398 56 74 103
note 62400 63838 56 79 117
note 63840 64318 56 74 117
note 64320 65518 56 75 104
note 65520 65758 56 67 104
note 65760 65998 56 75 81
note 66000 66238 56 74 103
note 66240 67438 56 75 81
note 67440 67678 56 68 77
note 67680 67918 56 75 85
note 67920 68158 56 79 98
note 68160 69118 56 77 98
note 69120 70078 56 74 107
note 70080 71998 56 72 98
note 72000 72718 56 65 117
note 72000 72718 56 77 117
note 72720 72958 56 64 117
note 72720 72958 56 76 117
note 72960 73198 56 77 117
note 72960 73198 56 65 117
note 73200 73438 56 72 98
note 73200 73438 56 60 98
note 73440 73678 56 77 117
note 73440 73678 56 65 98
note 73680 73918 56 84 98
note 73680 73918 56 72 76
note 73920 75358 56 70 100
note 73920 75358 56 82 99
note 75360 75598 56 84 103
note 75360 75598 56 72 116
note 75600 75838 56 69 107
note 75600 75838 56 81 103
note 75840 77278 56 67 112
note 75840 77278 56 79 117
note 77280 77518 56 81 117
note 77280 77518 56 69 107
note 77520 77758 56 65 91
note 77520 77758 56 77 107
