tempo 295
note 1050 2065 0 53 0
note 1050 2065 0 57 0
note 2066 3071 0 53 0
note 2066 3071 0 57 0
note 3616 4081 0 52 0
note 4122 6143 0 55 0
note 4122 6143 0 59 0
note 7194 8209 0 57 0
note 7194 8209 0 60 0
note 8210 9215 0 57 0
note 8210 9215 0 60 0
note 9760 10225 0 52 0
note 10266 12287 0 55 0
note 10266 12287 0 59 0
note 13338 14353 0 53 0
note 13338 14353 0 57 0
note 14354 15359 0 53 0
note 14354 15359 0 57 0
note 15904 16369 0 52 0
note 16410 18431 0 55 0
note 16410 18431 0 59 0
note 19482 20497 0 57 0
note 19482 20497 0 60 0
note 20498 21503 0 57 0
note 20498 21503 0 60 0
note 22048 22513 0 52 0
note 22554 24575 0 55 0
note 22554 24575 0 59 0
note 24580 25079 0 62 0
note 25120 25585 0 65 0
note 25626 27647 0 74 0
note 27652 28151 0 62 0
note 28192 28657 0 65 0
note 28698 30719 0 74 0
note 30724 32278 0 76 0
note 32279 32745 0 77 0
note 32786 33246 0 76 0
note 33287 33751 0 77 0
note 33796 34295 0 76 0
note 34336 34801 0 72 0
note 34842 36863 0 69 0
note 36868 37913 0 69 0
note 37914 38929 0 62 0
note 38930 39390 0 65 0
note 39431 39895 0 67 0
note 39940 43007 0 69 0
note 43012 44057 0 69 0
note 44058 45073 0 62 0
note 45074 45534 0 65 0
note 45575 46039 0 67 0
note 46084 49151 0 64 0
note 49156 49655 0 62 0
note 49696 50161 0 65 0
note 50202 52223 0 74 0
note 52228 52727 0 62 0
note 52768 53233 0 65 0
note 53274 55295 0 74 0
note 55300 56854 0 76 0
note 56855 57321 0 77 0
note 57362 57822 0 76 0
note 57863 58327 0 77 0
note 58372 58871 0 76 0
note 58912 59377 0 72 0
note 59418 61439 0 69 0
note 61444 62489 0 69 0
note 62490 63505 0 62 0
note 63506 63966 0 65 0
note 64007 64471 0 67 0
note 64516 66577 0 69 0
note 66578 67583 0 69 0
note 67588 69649 0 62 0
note 68634 69649 0 53 0
note 68634 69649 0 57 0
note 69650 70655 0 53 0
note 69650 70655 0 57 0
note 71200 71665 0 52 0
note 71706 73727 0 55 0
note 71706 73727 0 59 0
note 74778 75793 0 57 0
note 74778 75793 0 60 0
note 75794 76799 0 57 0
note 75794 76799 0 60 0
note 77344 77809 0 52 0
note 77850 79871 0 55 0
note 77850 79871 0 59 0
note 80922 81937 0 53 0
note 80922 81937 0 57 0
note 81938 82943 0 53 0
note 81938 82943 0 57 0
note 83488 83953 0 52 0
note 83994 86015 0 55 0
note 83994 86015 0 59 0
note 87066 88081 0 57 0
note 87066 88081 0 60 0
note 88082 89087 0 57 0
note 88082 89087 0 60 0
note 89632 90097 0 52 0
note 90138 92159 0 55 0
note 90138 92159 0 59 0
note 92164 92663 0 62 0
note 92704 93169 0 65 0
note 93210 95231 0 74 0
note 95236 95735 0 62 0
note 95776 96241 0 65 0
note 96282 98303 0 74 0
note 98308 99862 0 76 0
note 99863 100329 0 77 0
note 100370 100830 0 76 0
note 100871 101335 0 77 0
note 101380 101879 0 76 0
note 101920 102385 0 72 0
note 102426 104447 0 69 0
note 104452 105497 0 69 0
note 105498 106513 0 62 0
note 106514 106974 0 65 0
note 107015 107479 0 67 0
note 107524 110591 0 69 0
note 110596 111641 0 69 0
note 111642 112657 0 62 0
note 112658 113118 0 65 0
note 113159 113623 0 67 0
note 113668 116735 0 64 0
note 116740 117239 0 62 0
note 117280 117745 0 65 0
note 117786 119807 0 74 0
note 119812 120311 0 62 0
note 120352 120817 0 65 0
note 120858 122879 0 74 0
note 122884 124438 0 76 0
note 124439 124905 0 77 0
note 124946 125406 0 76 0
note 125447 125911 0 77 0
note 125956 126455 0 76 0
note 126496 126961 0 72 0
note 127002 129023 0 69 0
note 129028 130073 0 69 0
note 130074 131089 0 62 0
note 131090 131550 0 65 0
note 131591 132055 0 67 0
note 132100 134161 0 69 0
note 134162 135167 0 69 0
note 135172 137233 0 62 0
note 136218 137233 0 53 0
note 136218 137233 0 57 0
note 137234 138239 0 53 0
note 137234 138239 0 57 0
note 138784 139249 0 52 0
note 139290 141311 0 55 0
note 139290 141311 0 59 0
note 142362 143377 0 57 0
note 142362 143377 0 60 0
note 143378 144383 0 57 0
note 143378 144383 0 60 0
note 144928 145393 0 52 0
note 145434 147455 0 55 0
note 145434 147455 0 59 0
note 10 3071 0 38 0
note 3076 6143 0 40 0
note 6148 9215 0 41 0
note 9220 12287 0 40 0
note 12292 15359 0 38 0
note 15364 18431 0 40 0
note 18436 21503 0 41 0
note 21508 24575 0 40 0
note 24580 25625 0 38 0
note 25626 26641 0 57 0
note 25626 26641 0 53 0
note 26642 27647 0 57 0
note 26642 27647 0 53 0
note 27652 28697 0 40 0
note 28698 30719 0 59 0
note 28698 30719 0 55 0
note 30724 31769 0 41 0
note 31744 32768 0 60 0
note 31770 32785 0 57 0
note 32786 33791 0 57 0
note 32768 33792 0 60 0
note 33796 34841 0 40 0
note 34842 36863 0 59 0
note 34842 36863 0 55 0
note 36868 37913 0 46 0
note 37914 38929 0 57 0
note 37914 38929 0 53 0
note 38930 39935 0 57 0
note 38930 39935 0 53 0
note 39940 40985 0 41 0
note 40986 43007 0 57 0
note 40986 43007 0 53 0
note 43012 44057 0 46 0
note 44058 45073 0 57 0
note 44058 45073 0 53 0
note 45074 46079 0 57 0
note 45074 46079 0 53 0
note 46084 47129 0 45 0
note 47130 49151 0 57 0
note 47130 49151 0 52 0
note 49156 50201 0 38 0
note 50202 51217 0 57 0
note 50202 51217 0 53 0
note 51218 52223 0 57 0
note 51218 52223 0 53 0
note 52228 53273 0 40 0
note 53274 55295 0 59 0
note 53274 55295 0 55 0
note 55300 56345 0 41 0
note 56320 57344 0 60 0
note 56346 57361 0 57 0
note 57362 58367 0 57 0
note 57344 58368 0 60 0
note 58372 59417 0 40 0
note 59418 61439 0 59 0
note 59418 61439 0 55 0
note 61444 62489 0 46 0
note 62490 63505 0 57 0
note 62490 63505 0 53 0
note 63506 64511 0 57 0
note 63506 64511 0 53 0
note 64516 65561 0 45 0
note 65562 67583 0 57 0
note 65562 67583 0 52 0
note 67588 70655 0 38 0
note 70664 73731 0 40 0
note 73736 76803 0 41 0
note 76808 79875 0 40 0
note 79880 82947 0 38 0
note 82952 86019 0 40 0
note 86024 89091 0 41 0
note 89096 92163 0 40 0
note 92168 93213 0 38 0
note 93214 94229 0 57 0
note 93214 94229 0 53 0
note 94230 95235 0 57 0
note 94230 95235 0 53 0
note 95240 96285 0 40 0
note 96286 98307 0 59 0
note 96286 98307 0 55 0
note 98312 99357 0 41 0
note 99332 100356 0 60 0
note 99358 100373 0 57 0
note 100374 101379 0 57 0
note 100356 101380 0 60 0
note 101384 102429 0 40 0
note 102430 104451 0 59 0
note 102430 104451 0 55 0
note 104456 105501 0 46 0
note 105502 106517 0 57 0
note 105502 106517 0 53 0
note 106518 107523 0 57 0
note 106518 107523 0 53 0
note 107528 108573 0 41 0
note 108574 110595 0 57 0
note 108574 110595 0 53 0
note 110600 111645 0 46 0
note 111646 112661 0 57 0
note 111646 112661 0 53 0
note 112662 113667 0 57 0
note 112662 113667 0 53 0
note 113672 114717 0 45 0
note 114718 116739 0 57 0
note 114718 116739 0 52 0
note 116744 117789 0 38 0
note 117790 118805 0 57 0
note 117790 118805 0 53 0
note 118806 119811 0 57 0
note 118806 119811 0 53 0
note 119816 120861 0 40 0
note 120862 122883 0 59 0
note 120862 122883 0 55 0
note 122888 123933 0 41 0
note 123908 124932 0 60 0
note 123934 124949 0 57 0
note 124950 125955 0 57 0
note 124932 125956 0 60 0
note 125960 127005 0 40 0
note 127006 129027 0 59 0
note 127006 129027 0 55 0
note 129032 130077 0 46 0
note 130078 131093 0 57 0
note 130078 131093 0 53 0
note 131094 131094 0 57 0
note 131094 131094 0 53 0
note 132100 133145 0 45 0
note 133146 135167 0 57 0
note 133146 135167 0 52 0
note 135180 138247 0 38 0
note 138260 141327 0 40 0
note 141336 144403 0 41 0
note 144408 147475 0 40 0
